# Wavelength table for acs,hrc,pr1301
 1216.27
 1217.40
 1218.56
 1219.73
 1220.91
 1222.12
 1223.34
 1224.58
 1225.84
 1227.12
 1228.42
 1229.73
 1231.07
 1232.43
 1233.81
 1235.21
 1236.63
 1238.08
 1239.55
 1241.04
 1242.56
 1244.10
 1245.66
 1247.25
 1248.87
 1250.52
 1252.19
 1253.89
 1255.62
 1257.38
 1259.17
 1261.00
 1262.85
 1264.74
 1266.66
 1268.61
 1270.61
 1272.63
 1274.70
 1276.80
 1278.94
 1281.13
 1283.35
 1285.62
 1287.93
 1290.28
 1292.68
 1295.13
 1297.63
 1300.18
 1302.78
 1305.43
 1308.14
 1310.90
 1313.72
 1316.61
 1319.55
 1322.56
 1325.63
 1328.77
 1331.98
 1335.26
 1338.61
 1342.04
 1345.55
 1349.15
 1352.82
 1356.59
 1360.44
 1364.39
 1368.43
 1372.57
 1376.82
 1381.17
 1385.64
 1390.21
 1394.91
 1399.73
 1404.69
 1409.77
 1414.99
 1420.36
 1425.87
 1431.55
 1437.38
 1443.38
 1449.56
 1455.93
 1462.48
 1469.24
 1476.20
 1483.38
 1490.79
 1498.44
 1506.34
 1514.50
 1522.93
 1531.65
 1540.68
 1550.03
 1559.71
 1569.74
 1580.15
 1590.95
 1602.16
 1613.82
 1625.93
 1638.55
 1651.68
 1665.37
 1679.65
 1694.56
 1710.15
 1726.45
 1743.53
 1761.43
 1780.22
 1799.96
 1820.74
 1842.64
 1865.74
 1890.16
 1916.02
 1943.44
 1972.58
 2003.60
 2036.71
