2058.97654857
2059.36792870
2059.75930799
2060.15068642
2060.54206401
2060.93344074
2061.32481663
2061.71619166
2062.10756585
2062.49893918
2062.89031167
2063.28168330
2063.67305409
2064.06442402
2064.45579311
2064.84716134
2065.23852873
2065.62989526
2066.02126095
2066.41262578
2066.80398977
2067.19535290
2067.58671519
2067.97807662
2068.36943721
2068.76079694
2069.15215583
2069.54351386
2069.93487105
2070.32622738
2070.71758287
2071.10893750
2071.50029129
2071.89164422
2072.28299631
2072.67434754
2073.06569793
2073.45704746
2073.84839615
2074.23974398
2074.63109097
2075.02243710
2075.41378238
2075.80512682
2076.19647040
2076.58781314
2076.97915502
2077.37049606
2077.76183624
2078.15317558
2078.54451406
2078.93585170
2079.32718848
2079.71852442
2080.10985950
2080.50119374
2080.89252712
2081.28385966
2081.67519134
2082.06652218
2082.45785216
2082.84918130
2083.24050958
2083.63183702
2084.02316360
2084.41448934
2084.80581422
2085.19713826
2085.58846144
2085.97978378
2086.37110526
2086.76242590
2087.15374568
2087.54506462
2087.93638270
2088.32769994
2088.71901632
2089.11033186
2089.50164654
2089.89296038
2090.28427336
2090.67558550
2091.06689678
2091.45820722
2091.84951680
2092.24082553
2092.63213342
2093.02344045
2093.41474664
2093.80605197
2094.19735646
2094.58866009
2094.97996288
2095.37126481
2095.76256590
2096.15386613
2096.54516552
2096.93646405
2097.32776174
2097.71905857
2098.11035456
2098.50164969
2098.89294398
2099.28423741
2099.67553000
2100.06682173
2100.45811262
2100.84940265
2101.24069184
2101.63198017
2102.02326766
2102.41455429
2102.80584008
2103.19712501
2103.58840910
2103.97969233
2104.37097472
2104.76225625
2105.15353694
2105.54481677
2105.93609576
2106.32737389
2106.71865118
2107.10992761
2107.50120320
2107.89247793
2108.28375182
2108.67502485
2109.06629703
2109.45756837
2109.84883885
2110.24010849
2110.63137727
2111.02264521
2111.41391229
2111.80517853
2112.19644391
2112.58770845
2112.97897213
2113.37023497
2113.76149695
2114.15275809
2114.54401837
2114.93527781
2115.32653639
2115.71779413
2116.10905101
2116.50030705
2116.89156223
2117.28281657
2117.67407005
2118.06532269
2118.45657447
2118.84782541
2119.23907549
2119.63032473
2120.02157311
2120.41282065
2120.80406733
2121.19531317
2121.58655815
2121.97780229
2122.36904557
2122.76028801
2123.15152959
2123.54277033
2123.93401021
2124.32524925
2124.71648743
2125.10772477
2125.49896125
2125.89019689
2126.28143167
2126.67266560
2127.06389869
2127.45513092
2127.84636231
2128.23759284
2128.62882253
2129.02005136
2129.41127935
2129.80250648
2130.19373277
2130.58495820
2130.97618279
2131.36740652
2131.75862941
2132.14985144
2132.54107263
2132.93229296
2133.32351245
2133.71473108
2134.10594887
2134.49716580
2134.88838189
2135.27959712
2135.67081151
2136.06202504
2136.45323773
2136.84444956
2137.23566055
2137.62687068
2138.01807997
2138.40928840
2138.80049599
2139.19170272
2139.58290861
2139.97411364
2140.36531783
2140.75652116
2141.14772365
2141.53892528
2141.93012607
2142.32132600
2142.71252509
2143.10372332
2143.49492070
2143.88611724
2144.27731292
2144.66850776
2145.05970174
2145.45089488
2145.84208716
2146.23327860
2146.62446918
2147.01565892
2147.40684780
2147.79803584
2148.18922302
2148.58040936
2148.97159484
2149.36277948
2149.75396326
2150.14514620
2150.53632828
2150.92750952
2151.31868990
2151.70986944
2152.10104812
2152.49222596
2152.88340294
2153.27457908
2153.66575436
2154.05692880
2154.44810238
2154.83927512
2155.23044700
2155.62161804
2156.01278822
2156.40395756
2156.79512604
2157.18629368
2157.57746046
2157.96862640
2158.35979148
2158.75095572
2159.14211910
2159.53328164
2159.92444332
2160.31560416
2160.70676414
2161.09792327
2161.48908156
2161.88023899
2162.27139558
2162.66255131
2163.05370620
2163.44486023
2163.83601342
2164.22716575
2164.61831724
2165.00946787
2165.40061766
2165.79176659
2166.18291468
2166.57406191
2166.96520830
2167.35635383
2167.74749852
2168.13864235
2168.52978534
2168.92092747
2169.31206876
2169.70320919
2170.09434878
2170.48548751
2170.87662540
2171.26776243
2171.65889862
2172.05003395
2172.44116844
2172.83230207
2173.22343486
2173.61456679
2174.00569788
2174.39682811
2174.78795750
2175.17908603
2175.57021372
2175.96134055
2176.35246654
2176.74359167
2177.13471596
2177.52583939
2177.91696197
2178.30808371
2178.69920459
2179.09032463
2179.48144381
2179.87256215
2180.26367963
2180.65479627
2181.04591205
2181.43702699
2181.82814107
2182.21925431
2182.61036669
2183.00147823
2183.39258891
2183.78369875
2184.17480773
2184.56591587
2184.95702315
2185.34812959
2185.73923517
2186.13033991
2186.52144379
2186.91254683
2187.30364901
2187.69475035
2188.08585083
2188.47695047
2188.86804925
2189.25914719
2189.65024427
2190.04134051
2190.43243589
2190.82353043
2191.21462411
2191.60571695
2191.99680893
2192.38790007
2192.77899035
2193.17007979
2193.56116837
2193.95225611
2194.34334299
2194.73442903
2195.12551421
2195.51659854
2195.90768203
2196.29876466
2196.68984645
2197.08092738
2197.47200747
2197.86308670
2198.25416509
2198.64524262
2199.03631931
2199.42739514
2199.81847013
2200.20954426
2200.60061755
2200.99168998
2201.38276157
2201.77383230
2202.16490219
2202.55597122
2202.94703941
2203.33810674
2203.72917323
2204.12023886
2204.51130365
2204.90236758
2205.29343067
2205.68449290
2206.07555429
2206.46661482
2206.85767451
2207.24873334
2207.63979133
2208.03084846
2208.42190475
2208.81296018
2209.20401477
2209.59506850
2209.98612139
2210.37717342
2210.76822461
2211.15927494
2211.55032443
2211.94137306
2212.33242085
2212.72346778
2213.11451386
2213.50555910
2213.89660348
2214.28764702
2214.67868970
2215.06973154
2215.46077252
2215.85181266
2216.24285194
2216.63389038
2217.02492796
2217.41596470
2217.80700058
2218.19803562
2218.58906980
2218.98010314
2219.37113562
2219.76216726
2220.15319804
2220.54422798
2220.93525706
2221.32628530
2221.71731268
2222.10833922
2222.49936490
2222.89038974
2223.28141372
2223.67243686
2224.06345914
2224.45448058
2224.84550116
2225.23652090
2225.62753978
2226.01855782
2226.40957500
2226.80059134
2227.19160682
2227.58262146
2227.97363524
2228.36464818
2228.75566026
2229.14667150
2229.53768188
2229.92869141
2230.31970010
2230.71070793
2231.10171492
2231.49272105
2231.88372634
2232.27473077
2232.66573436
2233.05673709
2233.44773898
2233.83874001
2234.22974020
2234.62073953
2235.01173802
2235.40273565
2235.79373244
2236.18472837
2236.57572346
2236.96671769
2237.35771108
2237.74870361
2238.13969530
2238.53068613
2238.92167612
2239.31266525
2239.70365354
2240.09464097
2240.48562756
2240.87661329
2241.26759818
2241.65858221
2242.04956540
2242.44054773
2242.83152922
2243.22250985
2243.61348964
2244.00446857
2244.39544666
2244.78642389
2245.17740028
2245.56837581
2245.95935050
2246.35032433
2246.74129732
2247.13226945
2247.52324073
2247.91421117
2248.30518075
2248.69614949
2249.08711737
2249.47808441
2249.86905059
2250.26001593
2250.65098041
2251.04194405
2251.43290683
2251.82386877
2252.21482985
2252.60579009
2252.99674947
2253.38770801
2253.77866569
2254.16962253
2254.56057851
2254.95153365
2255.34248793
2255.73344137
2256.12439395
2256.51534569
2256.90629657
2257.29724661
2257.68819579
2258.07914413
2258.47009161
2258.86103825
2259.25198403
2259.64292897
2260.03387305
2260.42481629
2260.81575867
2261.20670021
2261.59764089
2261.98858073
2262.37951971
2262.77045785
2263.16139513
2263.55233157
2263.94326715
2264.33420189
2264.72513577
2265.11606880
2265.50700099
2265.89793232
2266.28886281
2266.67979244
2267.07072123
2267.46164916
2267.85257625
2268.24350248
2268.63442787
2269.02535240
2269.41627609
2269.80719892
2270.19812091
2270.58904204
2270.97996233
2271.37088176
2271.76180035
2272.15271808
2272.54363497
2272.93455100
2273.32546619
2273.71638052
2274.10729401
2274.49820664
2274.88911843
2275.28002936
2275.67093945
2276.06184868
2276.45275707
2276.84366460
2277.23457129
2277.62547712
2278.01638211
2278.40728624
2278.79818953
2279.18909196
2279.57999355
2279.97089428
2280.36179417
2280.75269320
2281.14359139
2281.53448872
2281.92538521
2282.31628084
2282.70717562
2283.09806956
2283.48896264
2283.87985488
2284.27074626
2284.66163680
2285.05252648
2285.44341532
2285.83430330
2286.22519044
2286.61607672
2287.00696216
2287.39784674
2287.78873048
2288.17961336
2288.57049540
2288.96137658
2289.35225692
2289.74313640
2290.13401504
2290.52489282
2290.91576976
2291.30664584
2291.69752108
2292.08839546
2292.47926900
2292.87014168
2293.26101352
2293.65188450
2294.04275464
2294.43362392
2294.82449236
2295.21535994
2295.60622668
2295.99709256
2296.38795760
2296.77882178
2297.16968512
2297.56054760
2297.95140924
2298.34227002
2298.73312996
2299.12398904
2299.51484728
2299.90570466
2300.29656119
2300.68741688
2301.07827171
2301.46912570
2301.85997883
2302.25083112
2302.64168255
2303.03253314
2303.42338287
2303.81423176
2304.20507979
2304.59592698
2304.98677331
2305.37761880
2305.76846343
2306.15930722
2306.55015015
2306.94099224
2307.33183347
2307.72267386
2308.11351339
2308.50435208
2308.89518991
2309.28602690
2309.67686303
2310.06769832
2310.45853275
2310.84936634
2311.24019907
2311.63103096
2312.02186199
2312.41269218
2312.80352151
2313.19435000
2313.58517763
2313.97600442
2314.36683035
2314.75765544
2315.14847967
2315.53930306
2315.93012559
2316.32094728
2316.71176811
2317.10258810
2317.49340723
2317.88422551
2318.27504295
2318.66585953
2319.05667527
2319.44749015
2319.83830419
2320.22911737
2320.61992971
2321.01074119
2321.40155183
2321.79236161
2322.18317055
2322.57397863
2322.96478587
2323.35559225
2323.74639779
2324.13720247
2324.52800631
2324.91880929
2325.30961143
2325.70041271
2326.09121315
2326.48201273
2326.87281147
2327.26360935
2327.65440639
2328.04520257
2328.43599791
2328.82679239
2329.21758603
2329.60837881
2329.99917075
2330.38996183
2330.78075207
2331.17154145
2331.56232999
2331.95311767
2332.34390451
2332.73469049
2333.12547563
2333.51625991
2333.90704335
2334.29782593
2334.68860767
2335.07938855
2335.47016859
2335.86094777
2336.25172610
2336.64250359
2337.03328022
2337.42405601
2337.81483094
2338.20560503
2338.59637826
2338.98715065
2339.37792218
2339.76869287
2340.15946270
2340.55023169
2340.94099982
2341.33176711
2341.72253354
2342.11329913
2342.50406386
2342.89482775
2343.28559078
2343.67635297
2344.06711430
2344.45787479
2344.84863442
2345.23939321
2345.63015114
2346.02090823
2346.41166446
2346.80241985
2347.19317438
2347.58392807
2347.97468090
2348.36543289
2348.75618402
2349.14693431
2349.53768374
2349.92843233
2350.31918006
2350.70992695
2351.10067298
2351.49141817
2351.88216250
2352.27290599
2352.66364862
2353.05439041
2353.44513134
2353.83587142
2354.22661066
2354.61734904
2355.00808658
2355.39882326
2355.78955910
2356.18029408
2356.57102822
2356.96176150
2357.35249394
2357.74322552
2358.13395626
2358.52468614
2358.91541518
2359.30614336
2359.69687070
2360.08759718
2360.47832282
2360.86904760
2361.25977154
2361.65049462
2362.04121686
2362.43193824
2362.82265878
2363.21337846
2363.60409730
2363.99481528
2364.38553242
2364.77624870
2365.16696414
2365.55767872
2365.94839246
2366.33910534
2366.72981738
2367.12052856
2367.51123890
2367.90194838
2368.29265702
2368.68336480
2369.07407174
2369.46477782
2369.85548306
2370.24618744
2370.63689098
2371.02759366
2371.41829549
2371.80899648
2372.19969661
2372.59039590
2372.98109433
2373.37179192
2373.76248865
2374.15318454
2374.54387957
2374.93457376
2375.32526709
2375.71595958
2376.10665121
2376.49734200
2376.88803193
2377.27872102
2377.66940925
2378.06009664
2378.45078317
2378.84146886
2379.23215369
2379.62283768
2380.01352081
2380.40420310
2380.79488453
2381.18556512
2381.57624485
2381.96692374
2382.35760177
2382.74827896
2383.13895529
2383.52963078
2383.92030541
2384.31097920
2384.70165213
2385.09232422
2385.48299545
2385.87366584
2386.26433537
2386.65500406
2387.04567189
2387.43633888
2387.82700501
2388.21767030
2388.60833473
2388.99899832
2389.38966105
2389.78032293
2390.17098397
2390.56164415
2390.95230349
2391.34296197
2391.73361961
2392.12427639
2392.51493233
2392.90558741
2393.29624165
2393.68689503
2394.07754757
2394.46819925
2394.85885009
2395.24950007
2395.64014921
2396.03079749
2396.42144493
2396.81209151
2397.20273725
2397.59338213
2397.98402617
2398.37466935
2398.76531169
2399.15595317
2399.54659381
2399.93723359
2400.32787253
2400.71851061
2401.10914785
2401.49978423
2401.89041977
2402.28105445
2402.67168829
2403.06232127
2403.45295341
2403.84358469
2404.23421513
2404.62484471
2405.01547345
2405.40610133
2405.79672837
2406.18735455
2406.57797989
2406.96860437
2407.35922800
2407.74985079
2408.14047272
2408.53109381
2408.92171404
2409.31233343
2409.70295196
2410.09356965
2410.48418648
2410.87480247
2411.26541760
2411.65603189
2412.04664532
2412.43725791
2412.82786964
2413.21848053
2413.60909056
2413.99969975
2414.39030808
2414.78091557
2415.17152220
2415.56212799
2415.95273292
2416.34333701
2416.73394024
2417.12454263
2417.51514416
2417.90574485
2418.29634468
2418.68694367
2419.07754180
2419.46813909
2419.85873552
2420.24933111
2420.63992584
2421.03051973
2421.42111276
2421.81170495
2422.20229628
2422.59288677
2422.98347640
2423.37406519
2423.76465312
2424.15524021
2424.54582644
2424.93641183
2425.32699636
2425.71758004
2426.10816288
2426.49874486
2426.88932600
2427.27990628
2427.67048572
2428.06106430
2428.45164204
2428.84221892
2429.23279496
2429.62337014
2430.01394448
2430.40451796
2430.79509060
2431.18566238
2431.57623332
2431.96680340
2432.35737264
2432.74794102
2433.13850856
2433.52907524
2433.91964108
2434.31020606
2434.70077020
2435.09133348
2435.48189592
2435.87245750
2436.26301824
2436.65357812
2437.04413716
2437.43469534
2437.82525268
2438.21580916
2438.60636480
2438.99691958
2439.38747352
2439.77802660
2440.16857884
2440.55913022
2440.94968076
2441.34023044
2441.73077928
2442.12132726
2442.51187440
2442.90242068
2443.29296611
2443.68351070
2444.07405443
2444.46459732
2444.85513935
2445.24568054
2445.63622087
2446.02676036
2446.41729899
2446.80783678
2447.19837371
2447.58890980
2447.97944503
2448.36997942
2448.76051295
2449.15104564
2449.54157747
2449.93210846
2450.32263859
2450.71316788
2451.10369631
2451.49422390
2451.88475063
2452.27527652
2452.66580155
2453.05632574
2453.44684907
2453.83737156
2454.22789319
2454.61841398
2455.00893391
2455.39945300
2455.78997123
2456.18048862
2456.57100515
2456.96152084
2457.35203567
2457.74254966
2458.13306279
2458.52357508
2458.91408651
2459.30459710
2459.69510683
2460.08561572
2460.47612375
2460.86663094
2461.25713727
2461.64764275
2462.03814739
2462.42865117
2462.81915411
2463.20965619
2463.60015743
2463.99065781
2464.38115735
2464.77165603
2465.16215387
2465.55265085
2465.94314699
2466.33364227
2466.72413671
2467.11463029
2467.50512303
2467.89561491
2468.28610595
2468.67659613
2469.06708547
2469.45757395
2469.84806159
2470.23854837
2470.62903431
2471.01951939
2471.41000363
2471.80048701
2472.19096955
2472.58145123
2472.97193207
2473.36241205
2473.75289119
2474.14336947
2474.53384691
2474.92432349
2475.31479923
2475.70527411
2476.09574815
2476.48622133
2476.87669367
2477.26716515
2477.65763579
2478.04810557
2478.43857451
2478.82904259
2479.21950983
2479.60997621
2480.00044174
2480.39090643
2480.78137026
2481.17183325
2481.56229538
2481.95275667
2482.34321710
2482.73367669
2483.12413542
2483.51459331
2483.90505034
2484.29550653
2484.68596186
2485.07641635
2485.46686998
2485.85732277
2486.24777470
2486.63822579
2487.02867602
2487.41912541
2487.80957394
2488.20002163
2488.59046846
2488.98091445
2489.37135958
2489.76180387
2490.15224730
2490.54268989
2490.93313162
2491.32357251
2491.71401254
2492.10445173
2492.49489006
2492.88532755
2493.27576418
2493.66619997
2494.05663490
2494.44706899
2494.83750222
2495.22793461
2495.61836614
2496.00879683
2496.39922666
2496.78965565
2497.18008378
2497.57051107
2497.96093750
2498.35136308
2498.74178782
2499.13221170
2499.52263474
2499.91305692
2500.30347826
2500.69389874
2501.08431838
2501.47473716
2501.86515510
2502.25557218
2502.64598842
2503.03640380
2503.42681834
2503.81723202
2504.20764486
2504.59805684
2504.98846798
2505.37887826
2505.76928770
2506.15969628
2506.55010402
2506.94051090
2507.33091694
2507.72132212
2508.11172646
2508.50212994
2508.89253258
2509.28293436
2509.67333530
2510.06373538
2510.45413462
2510.84453300
2511.23493054
2511.62532722
2512.01572306
2512.40611804
2512.79651218
2513.18690546
2513.57729790
2513.96768948
2514.35808022
2514.74847010
2515.13885914
2515.52924732
2515.91963466
2516.31002114
2516.70040677
2517.09079156
2517.48117549
2517.87155858
2518.26194081
2518.65232220
2519.04270273
2519.43308242
2519.82346125
2520.21383924
2520.60421637
2520.99459266
2521.38496809
2521.77534268
2522.16571641
2522.55608930
2522.94646133
2523.33683252
2523.72720285
2524.11757234
2524.50794097
2524.89830876
2525.28867569
2525.67904178
2526.06940701
2526.45977140
2526.85013493
2527.24049762
2527.63085945
2528.02122044
2528.41158057
2528.80193986
2529.19229829
2529.58265588
2529.97301261
2530.36336850
2530.75372353
2531.14407772
2531.53443105
2531.92478354
2532.31513517
2532.70548596
2533.09583589
2533.48618498
2533.87653321
2534.26688060
2534.65722713
2535.04757281
2535.43791765
2535.82826163
2536.21860477
2536.60894705
2536.99928849
