2722.23939466
2722.62913208
2723.01887027
2723.40860923
2723.79834897
2724.18808948
2724.57783076
2724.96757281
2725.35731563
2725.74705923
2726.13680359
2726.52654873
2726.91629464
2727.30604133
2727.69578878
2728.08553701
2728.47528601
2728.86503578
2729.25478632
2729.64453764
2730.03428973
2730.42404259
2730.81379622
2731.20355062
2731.59330580
2731.98306174
2732.37281846
2732.76257595
2733.15233422
2733.54209325
2733.93185306
2734.32161364
2734.71137499
2735.10113711
2735.49090001
2735.88066368
2736.27042812
2736.66019333
2737.04995931
2737.43972607
2737.82949359
2738.21926189
2738.60903096
2738.99880081
2739.38857142
2739.77834281
2740.16811497
2740.55788790
2740.94766160
2741.33743608
2741.72721133
2742.11698735
2742.50676414
2742.89654170
2743.28632004
2743.67609914
2744.06587902
2744.45565967
2744.84544110
2745.23522329
2745.62500626
2746.01479000
2746.40457451
2746.79435979
2747.18414585
2747.57393268
2747.96372028
2748.35350865
2748.74329779
2749.13308771
2749.52287839
2749.91266985
2750.30246208
2750.69225509
2751.08204886
2751.47184341
2751.86163873
2752.25143482
2752.64123168
2753.03102932
2753.42082773
2753.81062691
2754.20042686
2754.59022758
2754.98002908
2755.36983134
2755.75963438
2756.14943819
2756.53924278
2756.92904813
2757.31885426
2757.70866116
2758.09846883
2758.48827727
2758.87808649
2759.26789648
2759.65770724
2760.04751877
2760.43733107
2760.82714415
2761.21695799
2761.60677261
2761.99658800
2762.38640417
2762.77622110
2763.16603881
2763.55585729
2763.94567654
2764.33549656
2764.72531736
2765.11513893
2765.50496127
2765.89478438
2766.28460826
2766.67443292
2767.06425834
2767.45408454
2767.84391151
2768.23373926
2768.62356777
2769.01339706
2769.40322712
2769.79305795
2770.18288955
2770.57272193
2770.96255508
2771.35238900
2771.74222369
2772.13205915
2772.52189539
2772.91173239
2773.30157017
2773.69140872
2774.08124805
2774.47108814
2774.86092901
2775.25077065
2775.64061306
2776.03045624
2776.42030020
2776.81014493
2777.19999043
2777.58983670
2777.97968374
2778.36953156
2778.75938014
2779.14922950
2779.53907963
2779.92893054
2780.31878221
2780.70863466
2781.09848788
2781.48834187
2781.87819663
2782.26805217
2782.65790848
2783.04776556
2783.43762341
2783.82748203
2784.21734143
2784.60720159
2784.99706253
2785.38692424
2785.77678673
2786.16664998
2786.55651401
2786.94637881
2787.33624438
2787.72611072
2788.11597784
2788.50584573
2788.89571439
2789.28558382
2789.67545402
2790.06532500
2790.45519674
2790.84506926
2791.23494255
2791.62481662
2792.01469145
2792.40456706
2792.79444344
2793.18432059
2793.57419851
2793.96407721
2794.35395668
2794.74383692
2795.13371793
2795.52359971
2795.91348227
2796.30336559
2796.69324969
2797.08313456
2797.47302021
2797.86290662
2798.25279381
2798.64268177
2799.03257050
2799.42246000
2799.81235028
2800.20224133
2800.59213315
2800.98202574
2801.37191910
2801.76181324
2802.15170814
2802.54160382
2802.93150027
2803.32139750
2803.71129549
2804.10119426
2804.49109380
2804.88099411
2805.27089519
2805.66079705
2806.05069968
2806.44060308
2806.83050725
2807.22041219
2807.61031791
2808.00022439
2808.39013165
2808.78003969
2809.16994849
2809.55985806
2809.94976841
2810.33967953
2810.72959142
2811.11950409
2811.50941752
2811.89933173
2812.28924671
2812.67916246
2813.06907898
2813.45899628
2813.84891434
2814.23883318
2814.62875280
2815.01867318
2815.40859433
2815.79851626
2816.18843896
2816.57836243
2816.96828668
2817.35821169
2817.74813748
2818.13806404
2818.52799137
2818.91791947
2819.30784835
2819.69777799
2820.08770841
2820.47763961
2820.86757157
2821.25750430
2821.64743781
2822.03737209
2822.42730714
2822.81724297
2823.20717956
2823.59711693
2823.98705507
2824.37699398
2824.76693366
2825.15687412
2825.54681534
2825.93675734
2826.32670012
2826.71664366
2827.10658797
2827.49653306
2827.88647892
2828.27642555
2828.66637296
2829.05632113
2829.44627008
2829.83621980
2830.22617029
2830.61612155
2831.00607359
2831.39602640
2831.78597997
2832.17593433
2832.56588945
2832.95584534
2833.34580201
2833.73575945
2834.12571766
2834.51567665
2834.90563640
2835.29559693
2835.68555823
2836.07552030
2836.46548314
2836.85544676
2837.24541115
2837.63537630
2838.02534224
2838.41530894
2838.80527641
2839.19524466
2839.58521368
2839.97518347
2840.36515404
2840.75512537
2841.14509748
2841.53507036
2841.92504401
2842.31501843
2842.70499363
2843.09496960
2843.48494633
2843.87492385
2844.26490213
2844.65488118
2845.04486101
2845.43484161
2845.82482298
2846.21480513
2846.60478804
2846.99477173
2847.38475619
2847.77474142
2848.16472742
2848.55471420
2848.94470175
2849.33469006
2849.72467916
2850.11466902
2850.50465965
2850.89465106
2851.28464324
2851.67463619
2852.06462992
2852.45462441
2852.84461968
2853.23461572
2853.62461253
2854.01461011
2854.40460847
2854.79460760
2855.18460750
2855.57460817
2855.96460961
2856.35461183
2856.74461481
2857.13461857
2857.52462310
2857.91462841
2858.30463448
2858.69464133
2859.08464895
2859.47465734
2859.86466650
2860.25467644
2860.64468715
2861.03469863
2861.42471088
2861.81472390
2862.20473770
2862.59475226
2862.98476760
2863.37478371
2863.76480060
2864.15481825
2864.54483668
2864.93485588
2865.32487585
2865.71489659
2866.10491811
2866.49494040
2866.88496346
2867.27498729
2867.66501189
2868.05503727
2868.44506341
2868.83509033
2869.22511802
2869.61514649
2870.00517572
2870.39520573
2870.78523651
2871.17526806
2871.56530038
2871.95533348
2872.34536735
2872.73540199
2873.12543740
2873.51547358
2873.90551054
2874.29554826
2874.68558676
2875.07562603
2875.46566608
2875.85570689
2876.24574848
2876.63579084
2877.02583397
2877.41587787
2877.80592255
2878.19596800
2878.58601422
2878.97606121
2879.36610897
2879.75615751
2880.14620681
2880.53625689
2880.92630774
2881.31635937
2881.70641176
2882.09646493
2882.48651887
2882.87657358
2883.26662906
2883.65668532
2884.04674235
2884.43680015
2884.82685872
2885.21691806
2885.60697818
2885.99703906
2886.38710072
2886.77716315
2887.16722636
2887.55729033
2887.94735508
2888.33742060
2888.72748689
2889.11755395
2889.50762179
2889.89769040
2890.28775978
2890.67782993
2891.06790085
2891.45797255
2891.84804501
2892.23811825
2892.62819226
2893.01826705
2893.40834260
2893.79841893
2894.18849603
2894.57857390
2894.96865254
2895.35873196
2895.74881215
2896.13889311
2896.52897484
2896.91905734
2897.30914062
2897.69922466
2898.08930948
2898.47939507
2898.86948144
2899.25956857
2899.64965648
2900.03974516
2900.42983461
2900.81992483
2901.21001583
2901.60010760
2901.99020014
2902.38029345
2902.77038753
2903.16048239
2903.55057801
2903.94067441
2904.33077158
2904.72086953
2905.11096824
2905.50106773
2905.89116799
2906.28126902
2906.67137082
2907.06147340
2907.45157675
2907.84168087
2908.23178576
2908.62189142
2909.01199786
2909.40210506
2909.79221304
2910.18232180
2910.57243132
2910.96254161
2911.35265268
2911.74276452
2912.13287713
2912.52299052
2912.91310467
2913.30321960
2913.69333530
2914.08345177
2914.47356901
2914.86368703
2915.25380581
2915.64392537
2916.03404571
2916.42416681
2916.81428868
2917.20441133
2917.59453475
2917.98465894
2918.37478391
2918.76490964
2919.15503615
2919.54516343
2919.93529148
2920.32542030
2920.71554990
2921.10568026
2921.49581140
2921.88594332
2922.27607600
2922.66620945
2923.05634368
2923.44647868
2923.83661445
2924.22675100
2924.61688831
2925.00702640
2925.39716526
2925.78730489
2926.17744529
2926.56758647
2926.95772842
2927.34787113
2927.73801463
2928.12815889
2928.51830392
2928.90844973
2929.29859631
2929.68874366
2930.07889179
2930.46904068
2930.85919035
2931.24934079
2931.63949200
2932.02964398
2932.41979674
2932.80995027
2933.20010456
2933.59025964
2933.98041548
2934.37057209
2934.76072948
2935.15088764
2935.54104657
2935.93120628
2936.32136675
2936.71152800
2937.10169002
2937.49185281
2937.88201637
2938.27218071
2938.66234582
2939.05251170
2939.44267835
2939.83284577
2940.22301397
2940.61318293
2941.00335267
2941.39352318
2941.78369447
2942.17386652
2942.56403935
2942.95421295
2943.34438732
2943.73456246
2944.12473838
2944.51491507
2944.90509253
2945.29527076
2945.68544976
2946.07562954
2946.46581008
2946.85599140
2947.24617349
2947.63635636
2948.02653999
2948.41672440
2948.80690958
2949.19709553
2949.58728225
2949.97746975
2950.36765802
2950.75784706
2951.14803687
2951.53822745
2951.92841881
2952.31861093
2952.70880383
2953.09899750
2953.48919195
2953.87938716
2954.26958315
2954.65977991
2955.04997744
2955.44017574
2955.83037482
2956.22057467
2956.61077529
2957.00097668
2957.39117884
2957.78138178
2958.17158548
2958.56178996
2958.95199521
2959.34220124
2959.73240803
2960.12261560
2960.51282394
2960.90303305
2961.29324293
2961.68345359
2962.07366502
2962.46387722
2962.85409019
2963.24430393
2963.63451845
2964.02473373
2964.41494979
2964.80516662
2965.19538423
2965.58560260
2965.97582175
2966.36604167
2966.75626236
2967.14648382
2967.53670606
2967.92692907
2968.31715285
2968.70737740
2969.09760272
2969.48782882
2969.87805568
2970.26828332
2970.65851173
2971.04874092
2971.43897087
2971.82920160
2972.21943310
2972.60966537
2972.99989841
2973.39013223
2973.78036682
2974.17060218
2974.56083831
2974.95107521
2975.34131289
2975.73155133
2976.12179055
2976.51203054
2976.90227131
2977.29251284
2977.68275515
2978.07299823
2978.46324208
2978.85348670
2979.24373210
2979.63397827
2980.02422521
2980.41447292
2980.80472140
2981.19497066
2981.58522068
2981.97547148
2982.36572306
2982.75597540
2983.14622851
2983.53648240
2983.92673706
2984.31699249
2984.70724870
2985.09750567
2985.48776342
2985.87802194
2986.26828123
2986.65854129
2987.04880213
2987.43906373
2987.82932611
2988.21958927
2988.60985319
2989.00011788
2989.39038335
2989.78064959
2990.17091660
2990.56118439
2990.95145294
2991.34172227
2991.73199237
2992.12226324
2992.51253488
2992.90280730
2993.29308048
2993.68335444
2994.07362918
2994.46390468
2994.85418095
2995.24445800
2995.63473582
2996.02501441
2996.41529378
2996.80557391
2997.19585482
2997.58613650
2997.97641895
2998.36670217
2998.75698617
2999.14727094
2999.53755647
2999.92784279
3000.31812987
3000.70841772
3001.09870635
3001.48899575
3001.87928592
3002.26957687
3002.65986858
3003.05016107
3003.44045433
3003.83074836
3004.22104316
3004.61133874
3005.00163509
3005.39193220
3005.78223010
3006.17252876
3006.56282819
3006.95312840
3007.34342938
3007.73373113
3008.12403366
3008.51433695
3008.90464102
3009.29494586
3009.68525147
3010.07555785
3010.46586501
3010.85617294
3011.24648164
3011.63679111
3012.02710135
3012.41741237
3012.80772415
3013.19803671
3013.58835004
3013.97866415
3014.36897902
3014.75929467
3015.14961109
3015.53992828
3015.93024624
3016.32056498
3016.71088449
3017.10120477
3017.49152582
3017.88184764
3018.27217024
3018.66249360
3019.05281774
3019.44314265
3019.83346834
3020.22379479
3020.61412202
3021.00445002
3021.39477879
3021.78510833
3022.17543865
3022.56576974
3022.95610160
3023.34643423
3023.73676763
3024.12710181
3024.51743675
3024.90777247
3025.29810896
3025.68844623
3026.07878426
3026.46912307
3026.85946265
3027.24980300
3027.64014412
3028.03048602
3028.42082869
3028.81117213
3029.20151634
3029.59186132
3029.98220708
3030.37255360
3030.76290090
3031.15324897
3031.54359782
3031.93394743
3032.32429782
3032.71464898
3033.10500091
3033.49535361
3033.88570709
3034.27606134
3034.66641636
3035.05677215
3035.44712871
3035.83748605
3036.22784415
3036.61820303
3037.00856268
3037.39892311
3037.78928430
3038.17964627
3038.57000901
3038.96037252
3039.35073680
3039.74110186
3040.13146769
3040.52183429
3040.91220166
3041.30256980
3041.69293872
3042.08330840
3042.47367886
3042.86405010
3043.25442210
3043.64479487
3044.03516842
3044.42554274
3044.81591783
3045.20629370
3045.59667033
3045.98704774
3046.37742592
3046.76780487
3047.15818459
3047.54856509
3047.93894635
3048.32932839
3048.71971121
3049.11009479
3049.50047914
3049.89086427
3050.28125017
3050.67163684
3051.06202429
3051.45241250
3051.84280149
3052.23319125
3052.62358178
3053.01397308
3053.40436516
3053.79475801
3054.18515162
3054.57554602
3054.96594118
3055.35633711
3055.74673382
3056.13713130
3056.52752955
3056.91792858
3057.30832837
3057.69872894
3058.08913028
3058.47953239
3058.86993527
3059.26033893
3059.65074336
3060.04114855
3060.43155453
3060.82196127
3061.21236878
3061.60277707
3061.99318613
3062.38359596
3062.77400657
3063.16441794
3063.55483009
3063.94524301
3064.33565670
3064.72607116
3065.11648640
3065.50690241
3065.89731919
3066.28773674
3066.67815506
3067.06857416
3067.45899402
3067.84941466
3068.23983607
3068.63025826
3069.02068121
3069.41110494
3069.80152944
3070.19195471
3070.58238075
3070.97280757
3071.36323516
3071.75366352
3072.14409265
3072.53452255
3072.92495323
3073.31538467
3073.70581689
3074.09624988
3074.48668365
3074.87711818
3075.26755349
3075.65798957
3076.04842642
3076.43886404
3076.82930244
3077.21974161
3077.61018155
3078.00062226
3078.39106374
3078.78150600
3079.17194902
3079.56239282
3079.95283739
3080.34328274
3080.73372885
3081.12417574
3081.51462340
3081.90507183
3082.29552103
3082.68597101
3083.07642176
3083.46687328
3083.85732557
3084.24777863
3084.63823247
3085.02868707
3085.41914245
3085.80959860
3086.20005553
3086.59051322
3086.98097169
3087.37143093
3087.76189094
3088.15235172
3088.54281328
3088.93327561
3089.32373871
3089.71420258
3090.10466722
3090.49513264
3090.88559882
3091.27606578
3091.66653351
3092.05700202
3092.44747129
3092.83794134
3093.22841216
3093.61888375
3094.00935611
3094.39982925
3094.79030316
3095.18077784
3095.57125329
3095.96172951
3096.35220651
3096.74268427
3097.13316281
3097.52364213
3097.91412221
3098.30460306
3098.69508469
3099.08556709
3099.47605026
3099.86653421
3100.25701892
3100.64750441
3101.03799067
3101.42847770
3101.81896550
3102.20945408
3102.59994342
3102.99043354
3103.38092444
3103.77141610
3104.16190853
3104.55240174
3104.94289572
3105.33339047
3105.72388600
3106.11438229
3106.50487936
3106.89537720
3107.28587581
3107.67637519
3108.06687535
3108.45737628
3108.84787797
3109.23838045
3109.62888369
3110.01938770
3110.40989249
3110.80039805
3111.19090438
3111.58141149
3111.97191936
3112.36242801
3112.75293743
3113.14344762
3113.53395858
3113.92447032
3114.31498283
3114.70549610
3115.09601016
3115.48652498
3115.87704058
3116.26755694
3116.65807408
3117.04859199
3117.43911068
3117.82963013
3118.22015036
3118.61067136
3119.00119313
3119.39171567
3119.78223899
3120.17276308
3120.56328794
3120.95381357
3121.34433997
3121.73486715
3122.12539509
3122.51592381
3122.90645330
3123.29698357
3123.68751460
3124.07804641
3124.46857899
3124.85911234
3125.24964646
3125.64018136
3126.03071703
3126.42125347
3126.81179068
3127.20232866
3127.59286742
3127.98340694
3128.37394724
3128.76448831
3129.15503016
3129.54557277
3129.93611616
3130.32666032
3130.71720525
3131.10775095
3131.49829743
3131.88884468
3132.27939270
3132.66994149
3133.06049105
3133.45104139
3133.84159249
3134.23214437
3134.62269702
3135.01325045
3135.40380464
3135.79435961
3136.18491535
3136.57547186
3136.96602914
3137.35658720
3137.74714603
3138.13770563
3138.52826600
3138.91882714
3139.30938906
3139.69995174
3140.09051520
3140.48107943
3140.87164444
3141.26221021
3141.65277676
3142.04334408
3142.43391217
3142.82448103
3143.21505067
3143.60562108
3143.99619226
3144.38676421
3144.77733693
3145.16791043
3145.55848469
3145.94905973
3146.33963555
3146.73021213
3147.12078948
3147.51136761
3147.90194651
3148.29252618
3148.68310663
3149.07368784
3149.46426983
3149.85485259
3150.24543612
3150.63602042
3151.02660550
3151.41719134
3151.80777796
3152.19836536
3152.58895352
3152.97954245
3153.37013216
3153.76072264
3154.15131389
3154.54190592
3154.93249871
3155.32309228
3155.71368662
3156.10428173
3156.49487761
3156.88547427
3157.27607170
3157.66666989
3158.05726887
3158.44786861
3158.83846912
3159.22907041
3159.61967247
3160.01027530
3160.40087891
3160.79148328
3161.18208843
3161.57269435
3161.96330104
3162.35390850
3162.74451674
3163.13512575
3163.52573553
3163.91634608
3164.30695740
3164.69756950
3165.08818236
3165.47879600
3165.86941041
3166.26002560
3166.65064155
3167.04125828
3167.43187578
3167.82249405
3168.21311309
3168.60373291
3168.99435350
3169.38497486
3169.77559699
3170.16621989
3170.55684357
3170.94746801
3171.33809323
3171.72871922
3172.11934599
3172.50997352
3172.90060183
3173.29123091
3173.68186076
3174.07249138
3174.46312278
3174.85375495
3175.24438789
3175.63502160
3176.02565608
3176.41629134
3176.80692736
3177.19756416
3177.58820173
3177.97884008
3178.36947919
3178.76011908
3179.15075974
3179.54140117
3179.93204337
3180.32268635
3180.71333010
3181.10397462
3181.49461991
3181.88526597
3182.27591281
3182.66656041
3183.05720879
3183.44785794
3183.83850787
3184.22915856
3184.61981003
3185.01046227
3185.40111528
3185.79176906
3186.18242362
3186.57307895
3186.96373505
3187.35439192
3187.74504956
3188.13570798
3188.52636716
3188.91702712
3189.30768786
3189.69834936
3190.08901163
3190.47967468
3190.87033850
3191.26100309
3191.65166846
3192.04233459
3192.43300150
3192.82366918
3193.21433763
3193.60500685
3193.99567685
3194.38634761
3194.77701915
3195.16769147
3195.55836455
3195.94903840
3196.33971303
3196.73038843
3197.12106460
3197.51174155
3197.90241926
3198.29309775
3198.68377701
3199.07445704
3199.46513784
