2019.83424258
2020.22570772
2020.61717200
2021.00863544
2021.40009802
2021.79155976
2022.18302064
2022.57448068
2022.96593986
2023.35739820
2023.74885568
2024.14031231
2024.53176810
2024.92322303
2025.31467712
2025.70613035
2026.09758274
2026.48903427
2026.88048496
2027.27193479
2027.66338378
2028.05483191
2028.44627920
2028.83772563
2029.22917122
2029.62061595
2030.01205984
2030.40350287
2030.79494506
2031.18638639
2031.57782688
2031.96926651
2032.36070530
2032.75214323
2033.14358032
2033.53501655
2033.92645194
2034.31788647
2034.70932016
2035.10075299
2035.49218498
2035.88361611
2036.27504640
2036.66647583
2037.05790442
2037.44933215
2037.84075904
2038.23218507
2038.62361026
2039.01503459
2039.40645808
2039.79788071
2040.18930250
2040.58072343
2040.97214351
2041.36356275
2041.75498113
2042.14639867
2042.53781535
2042.92923119
2043.32064617
2043.71206031
2044.10347359
2044.49488603
2044.88629761
2045.27770835
2045.66911823
2046.06052727
2046.45193545
2046.84334279
2047.23474927
2047.62615491
2048.01755969
2048.40896363
2048.80036671
2049.19176895
2049.58317033
2049.97457087
2050.36597055
2050.75736939
2051.14876737
2051.54016451
2051.93156079
2052.32295623
2052.71435081
2053.10574455
2053.49713743
2053.88852947
2054.27992065
2054.67131099
2055.06270047
2055.45408911
2055.84547689
2056.23686383
2056.62824991
2057.01963515
2057.41101953
2057.80240306
2058.19378575
2058.58516758
2058.97654857
2059.36792870
2059.75930799
2060.15068642
2060.54206401
2060.93344074
2061.32481663
2061.71619166
2062.10756585
2062.49893918
2062.89031167
2063.28168330
2063.67305409
2064.06442402
2064.45579311
2064.84716134
2065.23852873
2065.62989526
2066.02126095
2066.41262578
2066.80398977
2067.19535290
2067.58671519
2067.97807662
2068.36943721
2068.76079694
2069.15215583
2069.54351386
2069.93487105
2070.32622738
2070.71758287
2071.10893750
2071.50029129
2071.89164422
2072.28299631
2072.67434754
2073.06569793
2073.45704746
2073.84839615
2074.23974398
2074.63109097
2075.02243710
2075.41378238
2075.80512682
2076.19647040
2076.58781314
2076.97915502
2077.37049606
2077.76183624
2078.15317558
2078.54451406
2078.93585170
2079.32718848
2079.71852442
2080.10985950
2080.50119374
2080.89252712
2081.28385966
2081.67519134
2082.06652218
2082.45785216
2082.84918130
2083.24050958
2083.63183702
2084.02316360
2084.41448934
2084.80581422
2085.19713826
2085.58846144
2085.97978378
2086.37110526
2086.76242590
2087.15374568
2087.54506462
2087.93638270
2088.32769994
2088.71901632
2089.11033186
2089.50164654
2089.89296038
2090.28427336
2090.67558550
2091.06689678
2091.45820722
2091.84951680
2092.24082553
2092.63213342
2093.02344045
2093.41474664
2093.80605197
2094.19735646
2094.58866009
2094.97996288
2095.37126481
2095.76256590
2096.15386613
2096.54516552
2096.93646405
2097.32776174
2097.71905857
2098.11035456
2098.50164969
2098.89294398
2099.28423741
2099.67553000
2100.06682173
2100.45811262
2100.84940265
2101.24069184
2101.63198017
2102.02326766
2102.41455429
2102.80584008
2103.19712501
2103.58840910
2103.97969233
2104.37097472
2104.76225625
2105.15353694
2105.54481677
2105.93609576
2106.32737389
2106.71865118
2107.10992761
2107.50120320
2107.89247793
2108.28375182
2108.67502485
2109.06629703
2109.45756837
2109.84883885
2110.24010849
2110.63137727
2111.02264521
2111.41391229
2111.80517853
2112.19644391
2112.58770845
2112.97897213
2113.37023497
2113.76149695
2114.15275809
2114.54401837
2114.93527781
2115.32653639
2115.71779413
2116.10905101
2116.50030705
2116.89156223
2117.28281657
2117.67407005
2118.06532269
2118.45657447
2118.84782541
2119.23907549
2119.63032473
2120.02157311
2120.41282065
2120.80406733
2121.19531317
2121.58655815
2121.97780229
2122.36904557
2122.76028801
2123.15152959
2123.54277033
2123.93401021
2124.32524925
2124.71648743
2125.10772477
2125.49896125
2125.89019689
2126.28143167
2126.67266560
2127.06389869
2127.45513092
2127.84636231
2128.23759284
2128.62882253
2129.02005136
2129.41127935
2129.80250648
2130.19373277
2130.58495820
2130.97618279
2131.36740652
2131.75862941
2132.14985144
2132.54107263
2132.93229296
2133.32351245
2133.71473108
2134.10594887
2134.49716580
2134.88838189
2135.27959712
2135.67081151
2136.06202504
2136.45323773
2136.84444956
2137.23566055
2137.62687068
2138.01807997
2138.40928840
2138.80049599
2139.19170272
2139.58290861
2139.97411364
2140.36531783
2140.75652116
2141.14772365
2141.53892528
2141.93012607
2142.32132600
2142.71252509
2143.10372332
2143.49492070
2143.88611724
2144.27731292
2144.66850776
2145.05970174
2145.45089488
2145.84208716
2146.23327860
2146.62446918
2147.01565892
2147.40684780
2147.79803584
2148.18922302
2148.58040936
2148.97159484
2149.36277948
2149.75396326
2150.14514620
2150.53632828
2150.92750952
2151.31868990
2151.70986944
2152.10104812
2152.49222596
2152.88340294
2153.27457908
2153.66575436
2154.05692880
2154.44810238
2154.83927512
2155.23044700
2155.62161804
2156.01278822
2156.40395756
2156.79512604
2157.18629368
2157.57746046
2157.96862640
2158.35979148
2158.75095572
2159.14211910
2159.53328164
2159.92444332
2160.31560416
2160.70676414
2161.09792327
2161.48908156
2161.88023899
2162.27139558
2162.66255131
2163.05370620
2163.44486023
2163.83601342
2164.22716575
2164.61831724
2165.00946787
2165.40061766
2165.79176659
2166.18291468
2166.57406191
2166.96520830
2167.35635383
2167.74749852
2168.13864235
2168.52978534
2168.92092747
2169.31206876
2169.70320919
2170.09434878
2170.48548751
2170.87662540
2171.26776243
2171.65889862
2172.05003395
2172.44116844
2172.83230207
2173.22343486
2173.61456679
2174.00569788
2174.39682811
2174.78795750
2175.17908603
2175.57021372
2175.96134055
2176.35246654
2176.74359167
2177.13471596
2177.52583939
2177.91696197
2178.30808371
2178.69920459
2179.09032463
2179.48144381
2179.87256215
2180.26367963
2180.65479627
2181.04591205
2181.43702699
2181.82814107
2182.21925431
2182.61036669
2183.00147823
2183.39258891
2183.78369875
2184.17480773
2184.56591587
2184.95702315
2185.34812959
2185.73923517
2186.13033991
2186.52144379
2186.91254683
2187.30364901
2187.69475035
2188.08585083
2188.47695047
2188.86804925
2189.25914719
2189.65024427
2190.04134051
2190.43243589
2190.82353043
2191.21462411
2191.60571695
2191.99680893
2192.38790007
2192.77899035
2193.17007979
2193.56116837
2193.95225611
2194.34334299
2194.73442903
2195.12551421
2195.51659854
2195.90768203
2196.29876466
2196.68984645
2197.08092738
2197.47200747
2197.86308670
2198.25416509
2198.64524262
2199.03631931
2199.42739514
2199.81847013
2200.20954426
2200.60061755
2200.99168998
2201.38276157
2201.77383230
2202.16490219
2202.55597122
2202.94703941
2203.33810674
2203.72917323
2204.12023886
2204.51130365
2204.90236758
2205.29343067
2205.68449290
2206.07555429
2206.46661482
2206.85767451
2207.24873334
2207.63979133
2208.03084846
2208.42190475
2208.81296018
2209.20401477
2209.59506850
2209.98612139
2210.37717342
2210.76822461
2211.15927494
2211.55032443
2211.94137306
2212.33242085
2212.72346778
2213.11451386
2213.50555910
2213.89660348
2214.28764702
2214.67868970
2215.06973154
2215.46077252
2215.85181266
2216.24285194
2216.63389038
2217.02492796
2217.41596470
2217.80700058
2218.19803562
2218.58906980
2218.98010314
2219.37113562
2219.76216726
2220.15319804
2220.54422798
2220.93525706
2221.32628530
2221.71731268
2222.10833922
2222.49936490
2222.89038974
2223.28141372
2223.67243686
2224.06345914
2224.45448058
2224.84550116
2225.23652090
2225.62753978
2226.01855782
2226.40957500
2226.80059134
2227.19160682
2227.58262146
2227.97363524
2228.36464818
2228.75566026
2229.14667150
2229.53768188
2229.92869141
2230.31970010
2230.71070793
2231.10171492
2231.49272105
2231.88372634
2232.27473077
2232.66573436
2233.05673709
2233.44773898
2233.83874001
2234.22974020
2234.62073953
2235.01173802
2235.40273565
2235.79373244
2236.18472837
2236.57572346
2236.96671769
2237.35771108
2237.74870361
2238.13969530
2238.53068613
2238.92167612
2239.31266525
2239.70365354
2240.09464097
2240.48562756
2240.87661329
2241.26759818
2241.65858221
2242.04956540
2242.44054773
2242.83152922
2243.22250985
2243.61348964
2244.00446857
2244.39544666
2244.78642389
2245.17740028
2245.56837581
2245.95935050
2246.35032433
2246.74129732
2247.13226945
2247.52324073
2247.91421117
2248.30518075
2248.69614949
2249.08711737
2249.47808441
2249.86905059
2250.26001593
2250.65098041
2251.04194405
2251.43290683
2251.82386877
2252.21482985
2252.60579009
2252.99674947
2253.38770801
2253.77866569
2254.16962253
2254.56057851
2254.95153365
2255.34248793
2255.73344137
2256.12439395
2256.51534569
2256.90629657
2257.29724661
2257.68819579
2258.07914413
2258.47009161
2258.86103825
2259.25198403
2259.64292897
2260.03387305
2260.42481629
2260.81575867
2261.20670021
2261.59764089
2261.98858073
2262.37951971
2262.77045785
2263.16139513
2263.55233157
2263.94326715
2264.33420189
2264.72513577
2265.11606880
2265.50700099
2265.89793232
2266.28886281
2266.67979244
2267.07072123
2267.46164916
2267.85257625
2268.24350248
2268.63442787
2269.02535240
2269.41627609
2269.80719892
2270.19812091
2270.58904204
2270.97996233
2271.37088176
2271.76180035
2272.15271808
2272.54363497
2272.93455100
2273.32546619
2273.71638052
2274.10729401
2274.49820664
2274.88911843
2275.28002936
2275.67093945
2276.06184868
2276.45275707
2276.84366460
2277.23457129
2277.62547712
2278.01638211
2278.40728624
2278.79818953
2279.18909196
2279.57999355
2279.97089428
2280.36179417
2280.75269320
2281.14359139
2281.53448872
2281.92538521
2282.31628084
2282.70717562
2283.09806956
2283.48896264
2283.87985488
2284.27074626
2284.66163680
2285.05252648
2285.44341532
2285.83430330
2286.22519044
2286.61607672
2287.00696216
2287.39784674
2287.78873048
2288.17961336
2288.57049540
2288.96137658
2289.35225692
2289.74313640
2290.13401504
2290.52489282
2290.91576976
2291.30664584
2291.69752108
2292.08839546
2292.47926900
2292.87014168
2293.26101352
2293.65188450
2294.04275464
2294.43362392
2294.82449236
2295.21535994
2295.60622668
2295.99709256
2296.38795760
2296.77882178
2297.16968512
2297.56054760
2297.95140924
2298.34227002
2298.73312996
2299.12398904
2299.51484728
2299.90570466
2300.29656119
2300.68741688
2301.07827171
2301.46912570
2301.85997883
2302.25083112
2302.64168255
2303.03253314
2303.42338287
2303.81423176
2304.20507979
2304.59592698
2304.98677331
2305.37761880
2305.76846343
2306.15930722
2306.55015015
2306.94099224
2307.33183347
2307.72267386
2308.11351339
2308.50435208
2308.89518991
2309.28602690
2309.67686303
2310.06769832
2310.45853275
2310.84936634
2311.24019907
2311.63103096
2312.02186199
2312.41269218
2312.80352151
2313.19435000
2313.58517763
2313.97600442
2314.36683035
2314.75765544
2315.14847967
2315.53930306
2315.93012559
2316.32094728
2316.71176811
2317.10258810
2317.49340723
2317.88422551
2318.27504295
2318.66585953
2319.05667527
2319.44749015
2319.83830419
2320.22911737
2320.61992971
2321.01074119
2321.40155183
2321.79236161
2322.18317055
2322.57397863
2322.96478587
2323.35559225
2323.74639779
2324.13720247
2324.52800631
2324.91880929
2325.30961143
2325.70041271
2326.09121315
2326.48201273
2326.87281147
2327.26360935
2327.65440639
2328.04520257
2328.43599791
2328.82679239
2329.21758603
2329.60837881
2329.99917075
2330.38996183
2330.78075207
2331.17154145
2331.56232999
2331.95311767
2332.34390451
2332.73469049
2333.12547563
2333.51625991
2333.90704335
2334.29782593
2334.68860767
2335.07938855
2335.47016859
2335.86094777
2336.25172610
2336.64250359
2337.03328022
2337.42405601
2337.81483094
2338.20560503
2338.59637826
2338.98715065
2339.37792218
2339.76869287
2340.15946270
2340.55023169
2340.94099982
2341.33176711
2341.72253354
2342.11329913
2342.50406386
2342.89482775
2343.28559078
2343.67635297
2344.06711430
2344.45787479
2344.84863442
2345.23939321
2345.63015114
2346.02090823
2346.41166446
2346.80241985
2347.19317438
2347.58392807
2347.97468090
2348.36543289
2348.75618402
2349.14693431
2349.53768374
2349.92843233
2350.31918006
2350.70992695
2351.10067298
2351.49141817
2351.88216250
2352.27290599
2352.66364862
2353.05439041
2353.44513134
2353.83587142
2354.22661066
2354.61734904
2355.00808658
2355.39882326
2355.78955910
2356.18029408
2356.57102822
2356.96176150
2357.35249394
2357.74322552
2358.13395626
2358.52468614
2358.91541518
2359.30614336
2359.69687070
2360.08759718
2360.47832282
2360.86904760
2361.25977154
2361.65049462
2362.04121686
2362.43193824
2362.82265878
2363.21337846
2363.60409730
2363.99481528
2364.38553242
2364.77624870
2365.16696414
2365.55767872
2365.94839246
2366.33910534
2366.72981738
2367.12052856
2367.51123890
2367.90194838
2368.29265702
2368.68336480
2369.07407174
2369.46477782
2369.85548306
2370.24618744
2370.63689098
2371.02759366
2371.41829549
2371.80899648
2372.19969661
2372.59039590
2372.98109433
2373.37179192
2373.76248865
2374.15318454
2374.54387957
2374.93457376
2375.32526709
2375.71595958
2376.10665121
2376.49734200
2376.88803193
2377.27872102
2377.66940925
2378.06009664
2378.45078317
2378.84146886
2379.23215369
2379.62283768
2380.01352081
2380.40420310
2380.79488453
2381.18556512
2381.57624485
2381.96692374
2382.35760177
2382.74827896
2383.13895529
2383.52963078
2383.92030541
2384.31097920
2384.70165213
2385.09232422
2385.48299545
2385.87366584
2386.26433537
2386.65500406
2387.04567189
2387.43633888
2387.82700501
2388.21767030
2388.60833473
2388.99899832
2389.38966105
2389.78032293
2390.17098397
2390.56164415
2390.95230349
2391.34296197
2391.73361961
2392.12427639
2392.51493233
2392.90558741
2393.29624165
2393.68689503
2394.07754757
2394.46819925
2394.85885009
2395.24950007
2395.64014921
2396.03079749
2396.42144493
2396.81209151
2397.20273725
2397.59338213
2397.98402617
2398.37466935
2398.76531169
2399.15595317
2399.54659381
2399.93723359
2400.32787253
2400.71851061
2401.10914785
2401.49978423
2401.89041977
2402.28105445
2402.67168829
2403.06232127
2403.45295341
2403.84358469
2404.23421513
2404.62484471
2405.01547345
2405.40610133
2405.79672837
2406.18735455
2406.57797989
2406.96860437
2407.35922800
2407.74985079
2408.14047272
2408.53109381
2408.92171404
2409.31233343
2409.70295196
2410.09356965
2410.48418648
2410.87480247
2411.26541760
2411.65603189
2412.04664532
2412.43725791
2412.82786964
2413.21848053
2413.60909056
2413.99969975
2414.39030808
2414.78091557
2415.17152220
2415.56212799
2415.95273292
2416.34333701
2416.73394024
2417.12454263
2417.51514416
2417.90574485
2418.29634468
2418.68694367
2419.07754180
2419.46813909
2419.85873552
2420.24933111
2420.63992584
2421.03051973
2421.42111276
2421.81170495
2422.20229628
2422.59288677
2422.98347640
2423.37406519
2423.76465312
2424.15524021
2424.54582644
2424.93641183
2425.32699636
2425.71758004
2426.10816288
2426.49874486
2426.88932600
2427.27990628
2427.67048572
2428.06106430
2428.45164204
2428.84221892
2429.23279496
2429.62337014
2430.01394448
2430.40451796
2430.79509060
2431.18566238
2431.57623332
2431.96680340
2432.35737264
2432.74794102
2433.13850856
2433.52907524
2433.91964108
2434.31020606
2434.70077020
2435.09133348
2435.48189592
2435.87245750
2436.26301824
2436.65357812
2437.04413716
2437.43469534
2437.82525268
2438.21580916
2438.60636480
2438.99691958
2439.38747352
2439.77802660
2440.16857884
2440.55913022
2440.94968076
2441.34023044
2441.73077928
2442.12132726
2442.51187440
2442.90242068
2443.29296611
2443.68351070
2444.07405443
2444.46459732
2444.85513935
2445.24568054
2445.63622087
2446.02676036
2446.41729899
2446.80783678
2447.19837371
2447.58890980
2447.97944503
2448.36997942
2448.76051295
2449.15104564
2449.54157747
2449.93210846
2450.32263859
2450.71316788
2451.10369631
2451.49422390
2451.88475063
2452.27527652
2452.66580155
2453.05632574
2453.44684907
2453.83737156
2454.22789319
2454.61841398
2455.00893391
2455.39945300
2455.78997123
2456.18048862
2456.57100515
2456.96152084
2457.35203567
2457.74254966
2458.13306279
2458.52357508
2458.91408651
2459.30459710
2459.69510683
2460.08561572
2460.47612375
2460.86663094
2461.25713727
2461.64764275
2462.03814739
2462.42865117
2462.81915411
2463.20965619
2463.60015743
2463.99065781
2464.38115735
2464.77165603
2465.16215387
2465.55265085
2465.94314699
2466.33364227
2466.72413671
2467.11463029
2467.50512303
2467.89561491
2468.28610595
2468.67659613
2469.06708547
2469.45757395
2469.84806159
2470.23854837
2470.62903431
2471.01951939
2471.41000363
2471.80048701
2472.19096955
2472.58145123
2472.97193207
2473.36241205
2473.75289119
2474.14336947
2474.53384691
2474.92432349
2475.31479923
2475.70527411
2476.09574815
2476.48622133
2476.87669367
2477.26716515
2477.65763579
2478.04810557
2478.43857451
2478.82904259
2479.21950983
2479.60997621
2480.00044174
2480.39090643
2480.78137026
2481.17183325
2481.56229538
2481.95275667
2482.34321710
2482.73367669
2483.12413542
2483.51459331
2483.90505034
2484.29550653
2484.68596186
2485.07641635
2485.46686998
2485.85732277
2486.24777470
2486.63822579
2487.02867602
2487.41912541
2487.80957394
2488.20002163
2488.59046846
2488.98091445
2489.37135958
2489.76180387
2490.15224730
2490.54268989
2490.93313162
2491.32357251
2491.71401254
2492.10445173
2492.49489006
2492.88532755
2493.27576418
2493.66619997
2494.05663490
2494.44706899
2494.83750222
2495.22793461
2495.61836614
2496.00879683
2496.39922666
2496.78965565
2497.18008378
2497.57051107
2497.96093750
2498.35136308
2498.74178782
2499.13221170
2499.52263474
2499.91305692
2500.30347826
2500.69389874
2501.08431838
2501.47473716
2501.86515510
2502.25557218
2502.64598842
2503.03640380
2503.42681834
2503.81723202
2504.20764486
2504.59805684
2504.98846798
2505.37887826
2505.76928770
2506.15969628
2506.55010402
2506.94051090
2507.33091694
2507.72132212
2508.11172646
2508.50212994
2508.89253258
2509.28293436
2509.67333530
2510.06373538
2510.45413462
2510.84453300
2511.23493054
2511.62532722
2512.01572306
2512.40611804
2512.79651218
2513.18690546
2513.57729790
2513.96768948
2514.35808022
2514.74847010
2515.13885914
2515.52924732
2515.91963466
2516.31002114
2516.70040677
2517.09079156
2517.48117549
2517.87155858
2518.26194081
2518.65232220
2519.04270273
2519.43308242
2519.82346125
2520.21383924
2520.60421637
2520.99459266
2521.38496809
2521.77534268
2522.16571641
2522.55608930
2522.94646133
2523.33683252
2523.72720285
2524.11757234
2524.50794097
2524.89830876
2525.28867569
2525.67904178
2526.06940701
2526.45977140
2526.85013493
2527.24049762
2527.63085945
2528.02122044
2528.41158057
2528.80193986
2529.19229829
2529.58265588
2529.97301261
2530.36336850
2530.75372353
2531.14407772
2531.53443105
2531.92478354
2532.31513517
2532.70548596
2533.09583589
2533.48618498
2533.87653321
2534.26688060
2534.65722713
2535.04757281
2535.43791765
2535.82826163
2536.21860477
2536.60894705
2536.99928849
2537.38962907
2537.77996881
2538.17030769
2538.56064573
2538.95098291
2539.34131925
2539.73165473
2540.12198937
2540.51232315
2540.90265609
2541.29298817
2541.68331941
2542.07364979
2542.46397933
2542.85430801
2543.24463585
2543.63496283
2544.02528897
2544.41561425
2544.80593869
2545.19626227
2545.58658501
2545.97690689
2546.36722793
2546.75754811
2547.14786745
2547.53818593
2547.92850357
2548.31882035
2548.70913629
2549.09945137
2549.48976561
2549.88007899
2550.27039153
2550.66070321
2551.05101405
2551.44132403
2551.83163317
2552.22194145
2552.61224889
2553.00255547
2553.39286120
2553.78316609
2554.17347012
2554.56377331
2554.95407564
2555.34437713
2555.73467776
2556.12497755
2556.51527648
2556.90557457
2557.29587180
2557.68616819
2558.07646372
2558.46675841
2558.85705224
2559.24734523
2559.63763736
2560.02792865
2560.41821908
2560.80850867
2561.19879740
2561.58908529
2561.97937232
2562.36965851
2562.75994384
2563.15022833
2563.54051196
2563.93079475
2564.32107668
2564.71135777
2565.10163800
2565.49191739
2565.88219592
2566.27247361
2566.66275044
2567.05302643
2567.44330156
2567.83357585
2568.22384928
2568.61412187
2569.00439360
2569.39466449
2569.78493452
2570.17520371
2570.56547204
2570.95573953
2571.34600616
2571.73627194
2572.12653688
2572.51680096
2572.90706420
2573.29732658
2573.68758812
2574.07784880
2574.46810864
2574.85836762
2575.24862576
2575.63888304
2576.02913948
2576.41939506
2576.80964980
2577.19990368
2577.59015672
2577.98040890
2578.37066024
2578.76091072
2579.15116036
2579.54140914
2579.93165708
2580.32190416
2580.71215040
2581.10239578
2581.49264032
2581.88288400
2582.27312684
2582.66336882
2583.05360996
2583.44385024
2583.83408968
2584.22432826
2584.61456600
2585.00480288
2585.39503892
2585.78527410
2586.17550844
2586.56574192
2586.95597456
2587.34620634
2587.73643728
2588.12666736
2588.51689660
2588.90712498
2589.29735252
2589.68757920
2590.07780504
2590.46803002
2590.85825415
2591.24847744
2591.63869987
2592.02892146
2592.41914219
2592.80936208
2593.19958111
2593.58979930
2593.98001663
2594.37023312
2594.76044875
2595.15066354
2595.54087747
2595.93109056
2596.32130279
2596.71151418
2597.10172471
2597.49193440
2597.88214323
2598.27235122
2598.66255835
2599.05276464
2599.44297007
2599.83317466
2600.22337839
2600.61358128
2601.00378331
2601.39398450
2601.78418483
2602.17438432
2602.56458295
2602.95478074
2603.34497767
2603.73517376
2604.12536899
2604.51556338
2604.90575691
2605.29594960
2605.68614143
2606.07633242
2606.46652255
2606.85671184
2607.24690027
2607.63708786
2608.02727459
2608.41746048
2608.80764551
2609.19782969
2609.58801303
2609.97819551
2610.36837715
2610.75855793
2611.14873787
2611.53891695
2611.92909519
2612.31927257
2612.70944911
2613.09962479
2613.48979963
2613.87997361
2614.27014675
2614.66031903
2615.05049047
2615.44066105
2615.83083079
2616.22099967
2616.61116771
2617.00133489
2617.39150123
2617.78166671
2618.17183135
2618.56199513
2618.95215807
2619.34232015
2619.73248139
2620.12264177
2620.51280131
2620.90295999
2621.29311783
2621.68327481
2622.07343095
2622.46358623
2622.85374067
2623.24389425
2623.63404699
2624.02419887
2624.41434991
2624.80450009
2625.19464943
2625.58479791
2625.97494555
2626.36509233
2626.75523827
2627.14538335
2627.53552759
2627.92567097
2628.31581350
2628.70595519
2629.09609602
2629.48623601
2629.87637514
2630.26651343
2630.65665086
2631.04678745
2631.43692318
2631.82705807
2632.21719210
2632.60732529
2632.99745762
2633.38758911
2633.77771974
2634.16784953
2634.55797846
2634.94810655
2635.33823378
2635.72836017
2636.11848570
2636.50861039
2636.89873422
2637.28885721
2637.67897934
2638.06910063
2638.45922106
2638.84934065
2639.23945938
2639.62957727
2640.01969430
2640.40981049
2640.79992582
2641.19004031
2641.58015394
2641.97026673
2642.36037866
2642.75048975
2643.14059998
2643.53070937
2643.92081790
2644.31092559
2644.70103242
2645.09113841
2645.48124354
2645.87134783
2646.26145126
2646.65155384
2647.04165558
2647.43175646
2647.82185650
2648.21195568
2648.60205402
2648.99215150
2649.38224814
2649.77234392
2650.16243886
2650.55253294
2650.94262618
2651.33271856
2651.72281010
2652.11290078
2652.50299062
2652.89307960
2653.28316774
2653.67325502
2654.06334146
2654.45342704
2654.84351178
2655.23359566
2655.62367870
2656.01376088
2656.40384222
2656.79392270
2657.18400234
2657.57408112
2657.96415906
2658.35423614
2658.74431238
2659.13438776
2659.52446230
2659.91453598
2660.30460882
2660.69468080
2661.08475194
2661.47482222
2661.86489166
2662.25496024
2662.64502798
2663.03509486
2663.42516090
2663.81522608
2664.20529042
2664.59535390
2664.98541654
2665.37547832
2665.76553925
2666.15559934
2666.54565857
2666.93571696
2667.32577449
2667.71583118
2668.10588701
2668.49594200
2668.88599613
2669.27604942
2669.66610185
2670.05615344
2670.44620417
2670.83625406
2671.22630309
2671.61635128
2672.00639861
2672.39644510
2672.78649073
2673.17653552
2673.56657945
2673.95662254
2674.34666477
2674.73670616
2675.12674669
2675.51678638
2675.90682521
2676.29686320
2676.68690033
2677.07693662
2677.46697205
2677.85700664
2678.24704037
2678.63707326
2679.02710529
2679.41713648
2679.80716681
2680.19719630
2680.58722493
2680.97725272
2681.36727965
2681.75730574
2682.14733097
2682.53735536
2682.92737889
2683.31740158
2683.70742341
2684.09744440
2684.48746453
2684.87748381
2685.26750225
2685.65751983
2686.04753657
2686.43755245
2686.82756749
2687.21758167
2687.60759501
2687.99760749
2688.38761913
2688.77762991
2689.16763985
2689.55764893
2689.94765717
2690.33766455
2690.72767109
2691.11767677
2691.50768161
2691.89768559
2692.28768873
2692.67769101
2693.06769245
2693.45769303
2693.84769277
2694.23769165
2694.62768969
2695.01768687
2695.40768321
2695.79767869
2696.18767333
2696.57766711
2696.96766005
2697.35765213
2697.74764337
2698.13763375
2698.52762329
2698.91761197
2699.30759981
2699.69758679
2700.08757293
2700.47755821
2700.86754265
2701.25752623
2701.64750897
2702.03749085
2702.42747189
2702.81745207
2703.20743141
2703.59740989
2703.98738752
2704.37736431
2704.76734024
2705.15731533
2705.54728956
2705.93726295
2706.32723548
2706.71720717
2707.10717800
2707.49714799
2707.88711712
2708.27708541
2708.66705284
2709.05701943
2709.44698516
2709.83695005
2710.22691408
2710.61687727
2711.00683960
2711.39680109
2711.78676172
2712.17672151
2712.56668044
2712.95663853
2713.34659576
2713.73655215
2714.12650768
2714.51646237
2714.90641620
2715.29636919
2715.68632132
2716.07627261
2716.46622304
2716.85617263
2717.24612136
2717.63606925
2718.02601628
2718.41596247
2718.80590780
2719.19585229
2719.58579592
2719.97573871
2720.36568064
2720.75562173
2721.14556196
2721.53550135
2721.92543988
2722.31537757
2722.70531440
2723.09525038
2723.48518552
2723.87511980
2724.26505324
2724.65498582
2725.04491756
2725.43484844
2725.82477848
2726.21470766
2726.60463600
2726.99456348
2727.38449012
2727.77441590
2728.16434084
2728.55426492
2728.94418816
2729.33411054
2729.72403208
2730.11395276
2730.50387260
2730.89379158
2731.28370972
2731.67362700
2732.06354344
2732.45345902
2732.84337376
2733.23328764
2733.62320068
2734.01311286
2734.40302420
2734.79293468
2735.18284432
2735.57275310
2735.96266104
2736.35256812
2736.74247436
2737.13237974
2737.52228428
2737.91218796
2738.30209080
2738.69199278
2739.08189392
2739.47179420
2739.86169364
2740.25159222
2740.64148996
2741.03138684
2741.42128288
2741.81117806
2742.20107239
2742.59096588
2742.98085851
2743.37075030
2743.76064123
2744.15053132
2744.54042055
2744.93030894
2745.32019647
2745.71008316
2746.09996899
2746.48985398
2746.87973811
2747.26962140
2747.65950383
2748.04938542
2748.43926615
2748.82914604
2749.21902507
2749.60890326
2749.99878059
2750.38865708
2750.77853271
2751.16840750
2751.55828143
2751.94815452
2752.33802675
2752.72789814
2753.11776867
2753.50763836
2753.89750719
2754.28737518
2754.67724231
2755.06710860
2755.45697403
2755.84683862
2756.23670235
2756.62656524
2757.01642727
2757.40628846
2757.79614879
2758.18600828
2758.57586691
2758.96572470
2759.35558163
2759.74543772
2760.13529295
2760.52514734
2760.91500087
2761.30485355
2761.69470539
2762.08455637
2762.47440651
2762.86425579
2763.25410423
2763.64395181
2764.03379855
2764.42364443
2764.81348947
2765.20333365
2765.59317699
2765.98301947
2766.37286111
2766.76270189
2767.15254183
2767.54238091
2767.93221915
2768.32205653
2768.71189307
2769.10172875
2769.49156359
2769.88139757
2770.27123071
2770.66106299
2771.05089443
2771.44072501
2771.83055475
2772.22038363
2772.61021167
2773.00003885
2773.38986519
2773.77969067
2774.16951531
2774.55933909
2774.94916203
2775.33898411
2775.72880535
2776.11862573
2776.50844527
2776.89826395
2777.28808179
2777.67789877
2778.06771491
2778.45753019
2778.84734463
2779.23715821
2779.62697095
2780.01678283
2780.40659386
2780.79640405
2781.18621338
2781.57602187
2781.96582950
2782.35563629
2782.74544222
2783.13524731
2783.52505154
2783.91485493
2784.30465746
2784.69445915
2785.08425998
2785.47405997
2785.86385910
2786.25365739
2786.64345482
2787.03325141
2787.42304714
2787.81284203
2788.20263606
2788.59242925
2788.98222158
2789.37201307
2789.76180370
2790.15159349
2790.54138242
2790.93117051
2791.32095774
2791.71074413
2792.10052966
2792.49031435
2792.88009818
2793.26988117
2793.65966330
2794.04944459
2794.43922502
2794.82900461
2795.21878334
2795.60856123
2795.99833826
2796.38811445
2796.77788978
2797.16766427
2797.55743790
2797.94721069
2798.33698262
2798.72675371
2799.11652394
2799.50629332
2799.89606186
2800.28582954
2800.67559638
2801.06536236
2801.45512750
2801.84489178
2802.23465522
2802.62441780
2803.01417954
2803.40394042
2803.79370046
2804.18345964
2804.57321798
2804.96297546
2805.35273210
2805.74248788
2806.13224282
2806.52199690
2806.91175014
2807.30150252
2807.69125406
2808.08100474
2808.47075458
2808.86050356
2809.25025170
2809.63999898
2810.02974542
2810.41949100
2810.80923574
2811.19897962
2811.58872266
2811.97846484
2812.36820618
2812.75794666
2813.14768630
2813.53742508
2813.92716302
2814.31690010
2814.70663634
2815.09637172
2815.48610626
2815.87583994
2816.26557278
2816.65530476
2817.04503590
2817.43476618
2817.82449562
2818.21422420
2818.60395194
2818.99367882
2819.38340485
2819.77313004
2820.16285437
2820.55257786
2820.94230049
2821.33202228
2821.72174321
2822.11146330
2822.50118253
2822.89090092
2823.28061845
2823.67033514
2824.06005097
2824.44976596
2824.83948009
2825.22919338
2825.61890581
2826.00861740
2826.39832813
2826.78803802
2827.17774705
2827.56745524
2827.95716257
2828.34686906
2828.73657469
2829.12627948
2829.51598341
2829.90568650
2830.29538873
2830.68509012
2831.07479065
2831.46449034
2831.85418917
2832.24388716
2832.63358429
2833.02328058
2833.41297601
2833.80267060
2834.19236433
2834.58205722
2834.97174925
2835.36144044
2835.75113077
2836.14082026
2836.53050889
2836.92019668
2837.30988361
2837.69956970
2838.08925493
2838.47893931
2838.86862285
2839.25830553
2839.64798737
2840.03766835
2840.42734849
2840.81702777
2841.20670621
2841.59638379
2841.98606053
2842.37573641
2843.51595769
2843.90520044
2844.29444360
2844.68368717
2845.07293116
2845.46217555
2845.85142035
2846.24066556
2846.62991118
2847.01915721
2847.40840365
2847.79765050
2848.18689777
2848.57614544
2848.96539352
2849.35464201
2849.74389091
2850.13314022
2850.52238994
2850.91164008
2851.30089062
2851.69014157
2852.07939293
2852.46864470
2852.85789688
2853.24714947
2853.63640247
2854.02565589
2854.41490971
2854.80416394
2855.19341858
2855.58267363
2855.97192909
2856.36118496
2856.75044125
2857.13969794
2857.52895504
2857.91821255
2858.30747047
2858.69672880
2859.08598754
2859.47524669
2859.86450626
2860.25376623
2860.64302661
2861.03228740
2861.42154860
2861.81081021
2862.20007223
2862.58933467
2862.97859751
2863.36786076
2863.75712442
2864.14638849
2864.53565297
2864.92491786
2865.31418316
2865.70344888
2866.09271500
2866.48198153
2866.87124847
2867.26051582
2867.64978358
2868.03905175
2868.42832034
2868.81758933
2869.20685873
2869.59612854
2869.98539876
2870.37466939
2870.76394043
2871.15321189
2871.54248375
2871.93175602
2872.32102870
2872.71030179
2873.09957529
2873.48884920
2873.87812352
2874.26739826
2874.65667340
2875.04594895
2875.43522491
2875.82450128
2876.21377806
2876.60305525
2876.99233286
2877.38161087
2877.77088929
2878.16016812
2878.54944736
2878.93872701
2879.32800707
2879.71728754
2880.10656843
2880.49584972
2880.88513142
2881.27441353
2881.66369605
2882.05297898
2882.44226232
2882.83154608
2883.22083024
2883.61011481
2883.99939979
2884.38868518
2884.77797098
2885.16725719
2885.55654381
2885.94583085
2886.33511829
2886.72440614
2887.11369440
2887.50298307
2887.89227215
2888.28156164
2888.67085155
2889.06014186
2889.44943258
2889.83872371
2890.22801525
2890.61730720
2891.00659956
2891.39589234
2891.78518552
2892.17447911
2892.56377311
2892.95306752
2893.34236234
2893.73165757
2894.12095321
2894.51024927
2894.89954573
2895.28884260
2895.67813988
2896.06743757
2896.45673567
2896.84603418
2897.23533311
2897.62463244
2898.01393218
2898.40323233
2898.79253289
2899.18183386
2899.57113524
2899.96043703
2900.34973924
2900.73904185
2901.12834487
2901.51764830
2901.90695214
2902.29625639
2902.68556105
2903.07486613
2903.46417161
2903.85347750
2904.24278380
2904.63209051
2905.02139763
2905.41070516
2905.80001310
2906.18932146
2906.57863022
2906.96793939
2907.35724897
2907.74655896
2908.13586936
2908.52518017
2908.91449140
2909.30380303
2909.69311507
2910.08242752
2910.47174038
2910.86105365
2911.25036733
2911.63968142
2912.02899593
2912.41831084
2912.80762616
2913.19694189
2913.58625803
2913.97557458
2914.36489154
2914.75420892
2915.14352670
2915.53284489
2915.92216349
2916.31148250
2916.70080192
2917.09012175
2917.47944200
2917.86876265
2918.25808371
2918.64740518
2919.03672706
2919.42604935
2919.81537205
2920.20469516
2920.59401869
2920.98334262
2921.37266696
2921.76199171
2922.15131687
2922.54064244
2922.92996842
2923.31929482
2923.70862162
2924.09794883
2924.48727645
2924.87660448
2925.26593292
2925.65526177
2926.04459103
2926.43392071
2926.82325079
2927.21258128
2927.60191218
2927.99124349
2928.38057521
2928.76990734
2929.15923989
2929.54857284
2929.93790620
2930.32723997
2930.71657415
2931.10590874
2931.49524374
2931.88457915
2932.27391498
2932.66325121
2933.05258785
2933.44192490
2933.83126236
2934.22060023
2934.60993851
2934.99927721
2935.38861631
2935.77795582
2936.16729574
2936.55663607
2936.94597681
2937.33531796
2937.72465953
2938.11400150
2938.50334388
2938.89268667
2939.28202987
2939.67137348
2940.06071750
2940.45006193
2940.83940678
2941.22875203
2941.61809769
2942.00744376
2942.39679024
2942.78613713
2943.17548443
2943.56483215
2943.95418027
2944.34352880
2944.73287774
2945.12222709
2945.51157685
2945.90092702
2946.29027760
2946.67962860
2947.06898000
2947.45833181
2947.84768403
2948.23703666
2948.62638970
2949.01574315
2949.40509702
2949.79445129
2950.18380597
2950.57316106
2950.96251656
2951.35187247
2951.74122879
2952.13058552
2952.51994267
2952.90930022
2953.29865818
2953.68801655
2954.07737533
2954.46673452
2954.85609412
2955.24545414
2955.63481456
2956.02417539
2956.41353663
2956.80289828
2957.19226034
2957.58162281
2957.97098570
2958.36034899
2958.74971269
2959.13907680
2959.52844132
2959.91780625
2960.30717159
2960.69653734
2961.08590351
2961.47527008
2961.86463706
2962.25400445
2962.64337225
2963.03274046
2963.42210908
2963.81147812
2964.20084756
2964.59021741
2964.97958767
2965.36895834
2965.75832942
2966.14770091
2966.53707281
2966.92644513
2967.31581785
2967.70519098
2968.09456452
2968.48393847
2968.87331283
2969.26268760
2969.65206279
2970.04143838
2970.43081438
2970.82019079
2971.20956761
2971.59894484
2971.98832248
2972.37770053
2972.76707900
2973.15645787
2973.54583715
2973.93521684
2974.32459694
2974.71397745
2975.10335837
2975.49273971
2975.88212145
2976.27150360
2976.66088616
2977.05026913
2977.43965251
2977.82903630
2978.21842051
2978.60780512
2978.99719014
2979.38657557
2979.77596141
2980.16534766
2980.55473432
2980.94412139
2981.33350888
2981.72289677
2982.11228507
2982.50167378
2982.89106290
2983.28045243
2983.66984237
2984.05923273
2984.44862349
2984.83801466
2985.22740624
2985.61679823
2986.00619063
2986.39558344
2986.78497666
2987.17437030
2987.56376434
2987.95315879
2988.34255365
2988.73194892
2989.12134460
2989.51074069
2989.90013720
2990.28953411
2990.67893143
2991.06832916
2991.45772730
2991.84712585
2992.23652481
2992.62592418
2993.01532397
2993.40472416
2993.79412476
2994.18352577
2994.57292719
2994.96232902
2995.35173126
2995.74113392
2996.13053698
2996.51994045
2996.90934433
2997.29874862
2997.68815332
2998.07755843
2998.46696396
2998.85636989
2999.24577623
2999.63518298
3000.02459014
3000.41399771
3000.80340569
3001.19281408
3001.58222289
3001.97163210
3002.36104172
3002.75045175
3003.13986219
3003.52927304
3003.91868430
3004.30809598
3004.69750806
3005.08692055
3005.47633345
3005.86574676
3006.25516048
3006.64457461
3007.03398915
3007.42340411
3007.81281947
3008.20223524
3008.59165142
3008.98106801
3009.37048501
3009.75990242
3010.14932025
3010.53873848
3010.92815712
3011.31757617
3011.70699563
3012.09641550
3012.48583578
3012.87525648
3013.26467758
3013.65409909
3014.04352101
3014.43294334
3014.82236608
3015.21178923
3015.60121279
3015.99063677
3016.38006115
3016.76948594
3017.15891114
3017.54833675
3017.93776277
3018.32718920
3018.71661605
3019.10604330
3019.49547096
3019.88489903
3020.27432751
3020.66375640
3021.05318570
3021.44261541
3021.83204554
3022.22147607
3022.61090701
3023.00033836
3023.38977012
3023.77920229
3024.16863487
3024.55806787
3024.94750127
3025.33693508
3025.72636930
3026.11580393
3026.50523897
3026.89467442
3027.28411028
3027.67354656
3028.06298324
3028.45242033
3028.84185783
3029.23129574
3029.62073406
3030.01017279
3030.39961194
3030.78905149
3031.17849145
3031.56793182
3031.95737260
3032.34681379
3032.73625539
3033.12569741
3033.51513983
3033.90458266
3034.29402590
3034.68346955
3035.07291361
3035.46235808
3035.85180296
3036.24124826
3036.63069396
3037.02014007
3037.40958659
3037.79903352
3038.18848086
3038.57792861
3038.96737678
3039.35682535
3039.74627433
3040.13572372
3040.52517352
3040.91462373
3041.30407435
3041.69352538
3042.08297683
3042.47242868
3042.86188094
3043.25133361
3043.64078669
3044.03024018
3044.41969408
3044.80914840
3045.19860312
3045.58805825
3045.97751379
3046.36696974
3046.75642610
3047.14588287
3047.53534006
3047.92479765
3048.31425565
3048.70371406
3049.09317288
3049.48263211
3049.87209175
3050.26155180
3050.65101227
3051.04047314
3051.42993442
3051.81939611
3052.20885821
3052.59832072
3052.98778364
3053.37724698
3053.76671072
3054.15617487
3054.54563943
3054.93510440
3055.32456978
3055.71403557
3056.10350177
3056.49296839
3056.88243541
3057.27190284
3057.66137068
3058.05083893
3058.44030759
3058.82977666
3059.21924615
3059.60871604
3059.99818634
3060.38765705
3060.77712817
3061.16659970
3061.55607164
3061.94554400
3062.33501676
3062.72448993
3063.11396351
3063.50343750
3063.89291190
3064.28238671
3064.67186193
3065.06133757
3065.45081361
3065.84029006
3066.22976692
3066.61924419
3067.00872187
3067.39819996
3067.78767847
3068.17715738
3068.56663670
3068.95611643
3069.34559657
3069.73507712
3070.12455808
3070.51403945
3070.90352124
3071.29300343
3071.68248603
3072.07196904
3072.46145246
3072.85093629
3073.24042053
3073.62990519
3074.01939025
3074.40887572
3074.79836160
3075.18784789
3075.57733459
3075.96682170
3076.35630922
3076.74579716
3077.13528550
3077.52477425
3077.91426341
3078.30375298
3078.69324296
3079.08273335
3079.47222416
3079.86171537
3080.25120699
3080.64069902
3081.03019146
3081.41968431
3081.80917757
3082.19867125
3082.58816533
3082.97765982
3083.36715472
3083.75665003
3084.14614575
3084.53564188
3084.92513842
3085.31463538
3085.70413274
3086.09363051
3086.48312869
3086.87262728
3087.26212628
3087.65162569
3088.04112552
3088.43062575
3088.82012639
3089.20962744
3089.59912890
3089.98863077
3090.37813305
3090.76763574
3091.15713885
3091.54664236
3091.93614628
3092.32565061
3092.71515535
3093.10466050
3093.49416606
3093.88367204
3094.27317842
3094.66268521
3095.05219241
3095.44170002
3095.83120804
3096.22071647
3096.61022532
3096.99973457
3097.38924423
3097.77875430
3098.16826478
3098.55777567
3098.94728697
3099.33679868
3099.72631081
3100.11582334
3100.50533628
3100.89484963
3101.28436339
3101.67387756
3102.06339214
3102.45290714
3102.84242254
3103.23193835
3103.62145457
3104.01097120
3104.40048824
3104.79000569
3105.17952355
3105.56904183
3105.95856051
3106.34807960
3106.73759910
3107.12711901
3107.51663933
3107.90616006
3108.29568121
3108.68520276
3109.07472472
3109.46424709
3109.85376987
3110.24329306
3110.63281666
3111.02234068
3111.41186510
3111.80138993
3112.19091517
3112.58044082
3112.96996688
3113.35949335
3113.74902023
3114.13854753
3114.52807523
3114.91760334
3115.30713186
3115.69666079
3116.08619013
3116.47571988
3116.86525005
3117.25478062
3117.64431160
3118.03384299
3118.42337479
3118.81290700
3119.20243962
3119.59197265
3119.98150610
3120.37103995
3120.76057421
3121.15010888
3121.53964396
3121.92917945
3122.31871535
3122.70825167
3123.09778839
3123.48732552
3123.87686306
3124.26640101
3124.65593937
3125.04547814
3125.43501733
3125.82455692
3126.21409692
3126.60363733
3126.99317815
3127.38271938
3127.77226102
3128.16180307
3128.55134554
3128.94088841
3129.33043169
3129.71997538
3130.10951948
3130.49906399
3130.88860891
3131.27815425
3131.66769999
3132.05724614
3132.44679270
3132.83633967
3133.22588705
3133.61543484
3134.00498304
3134.39453166
3134.78408068
3135.17363011
3135.56317995
3135.95273020
3136.34228086
3136.73183193
3137.12138342
3137.51093531
3137.90048761
3138.29004032
3138.67959344
3139.06914697
3139.45870091
3139.84825527
3140.23781003
3140.62736520
3141.01692078
3141.40647677
3141.79603317
3142.18558998
3142.57514720
3142.96470484
3143.35426288
3143.74382133
3144.13338019
3144.52293946
3144.91249914
3145.30205923
3145.69161974
3146.08118065
3146.47074197
3146.86030370
3147.24986584
3147.63942839
3148.02899135
3148.41855472
3148.80811851
3149.19768270
3149.58724730
3149.97681231
3150.36637773
3150.75594356
3151.14550980
3151.53507646
3151.92464352
3152.31421099
3152.70377887
3153.09334716
3153.48291586
3153.87248497
3154.26205450
3154.65162443
3155.04119477
3155.43076552
3155.82033668
3156.20990825
3156.59948023
3156.98905262
3157.37862543
3157.76819864
3158.15777226
3158.54734629
3158.93692073
3159.32649558
3159.71607084
3160.10564652
3160.49522260
3160.88479909
3161.27437599
3161.66395330
3162.05353102
3162.44310915
3162.83268770
3163.22226665
3163.61184601
3164.00142578
3164.39100596
3164.78058655
3165.17016755
3165.55974896
3165.94933079
3166.33891302
3166.72849566
3167.11807871
3167.50766217
3167.89724604
3168.28683032
3168.67641502
3169.06600012
3169.45558563
3169.84517155
3170.23475788
3170.62434462
3171.01393177
3171.40351933
3171.79310731
3172.18269569
3172.57228448
3172.96187368
3173.35146329
3173.74105331
3174.13064374
3174.52023459
3174.90982584
3175.29941750
3175.68900957
3176.07860205
3176.46819494
3176.85778824
3177.24738196
3177.63697608
3178.02657061
3178.41616555
3178.80576090
3179.19535666
3179.58495283
3179.97454941
3180.36414641
3180.75374381
3181.14334162
3181.53293984
3181.92253847
3182.31213751
3182.70173696
3183.09133683
3183.48093710
3183.87053778
3184.26013887
3184.64974037
3185.03934228
3185.42894460
3185.81854733
3186.20815048
3186.59775403
3186.98735799
3187.37696236
3187.76656714
3188.15617233
3188.54577793
3188.93538395
3189.32499037
3189.71459720
3190.10420444
3190.49381209
3190.88342015
3191.27302862
3191.66263751
3192.05224680
3192.44185650
3192.83146661
3193.22107713
3193.61068806
3194.00029940
3194.38991115
3194.77952332
3195.16913589
3195.55874887
3195.94836226
3196.33797606
3196.72759027
3197.11720489
3197.50681993
3197.89643537
3198.28605122
3198.67566748
3199.06528415
3199.45490123
3199.84451872
3200.23413662
3200.62375494
3201.01337366
3201.40299279
3201.79261233
3202.18223228
3202.57185264
3202.96147341
3203.35109460
3203.74071619
3204.13033819
3204.51996060
3204.90958342
3205.29920665
3205.68883029
3206.07845435
3206.46807881
3206.85770368
3207.24732896
3207.63695465
3208.02658075
3208.41620726
3208.80583418
3209.19546152
3209.58508926
3209.97471741
3210.36434597
3210.75397494
3211.14360432
3211.53323411
3211.92286432
3212.31249493
3212.70212595
3213.09175738
3213.48138922
3213.87102147
3214.26065413
3214.65028721
3215.03992069
3215.42955458
3215.81918888
3216.20882359
3216.59845871
3216.98809424
3217.37773018
3217.76736654
3218.15700330
3218.54664047
3218.93627805
3219.32591604
3219.71555444
3220.10519325
3220.49483248
3220.88447211
3221.27411215
3221.66375260
3222.05339346
3222.44303473
3222.83267641
3223.22231850
3223.61196101
3224.00160392
3224.39124724
3224.78089097
3225.17053511
3225.56017966
3225.94982462
3226.33947000
3226.72911578
3227.11876197
3227.50840857
3227.89805558
3228.28770300
3228.67735083
3229.06699908
3229.45664773
3229.84629679
3230.23594626
3230.62559614
3231.01524643
3231.40489713
3231.79454824
3232.18419977
3232.57385170
3232.96350404
3233.35315679
3233.74280995
3234.13246352
3234.52211750
3234.91177190
3235.30142670
3235.69108191
3236.08073753
3236.47039356
3236.86005000
3237.24970685
3237.63936412
3238.02902179
3238.41867987
3238.80833836
3239.19799726
3239.58765657
3239.97731629
3240.36697642
3240.75663697
3241.14629792
3241.53595928
3241.92562105
3242.31528323
3242.70494582
3243.09460882
3243.48427224
3243.87393606
3244.26360029
3244.65326493
3245.04292998
3245.43259544
3245.82226131
3246.21192759
3246.60159429
3246.99126139
3247.38092890
3247.77059682
3248.16026515
3248.54993389
3248.93960304
3249.32927261
3249.71894258
3250.10861296
3250.49828375
3250.88795495
3251.27762656
3251.66729858
3252.05697102
3252.44664386
3252.83631711
3253.22599077
3253.61566484
3254.00533932
3254.39501421
3254.78468951
3255.17436523
3255.56404135
3255.95371788
3256.34339482
3256.73307217
3257.12274993
3257.51242810
3257.90210669
3258.29178568
3258.68146508
3259.07114489
3259.46082511
3259.85050574
3260.24018678
3260.62986824
3261.01955010
3261.40923237
3261.79891505
3262.18859814
3262.57828164
3262.96796555
3263.35764987
3263.74733461
3264.13701975
3264.52670530
3264.91639126
3265.30607763
3265.69576441
3266.08545160
3266.47513921
3266.86482722
3267.25451564
3267.64420447
3268.03389371
3268.42358336
3268.81327342
3269.20296389
3269.59265478
3269.98234607
3270.37203777
3270.76172988
3271.15142240
3271.54111533
3271.93080867
3272.32050243
3272.71019659
3273.09989116
3273.48958614
3273.87928153
3274.26897733
3274.65867354
3275.04837017
3275.43806720
3275.82776464
3276.21746249
3276.60716075
3276.99685942
3277.38655850
3277.77625799
3278.16595790
3278.55565821
3278.94535893
3279.33506006
3279.72476160
3280.11446355
3280.50416591
3280.89386869
3281.28357187
3281.67327546
3282.06297946
3282.45268387
3282.84238869
3283.23209392
3283.62179957
3284.01150562
3284.40121208
3284.79091895
3285.18062623
3285.57033392
3285.96004202
3286.34975053
3286.73945946
3287.12916879
3287.51887853
3287.90858868
3288.29829924
3288.68801021
3289.07772159
3289.46743339
3289.85714559
3290.24685820
3290.63657122
3291.02628465
3291.41599849
3291.80571274
3292.19542740
3292.58514248
3292.97485796
3293.36457385
3293.75429015
3294.14400686
3294.53372398
3294.92344151
3295.31315946
3295.70287781
3296.09259657
3296.48231574
3296.87203532
3297.26175531
3297.65147571
3298.04119653
3298.43091775
3298.82063938
3299.21036142
3299.60008387
3299.98980673
3300.37953000
3300.76925368
3301.15897778
3301.54870228
3301.93842719
3302.32815251
3302.71787824
3303.10760438
3303.49733093
3303.88705790
3304.27678527
3304.66651305
3305.05624124
3305.44596984
3305.83569885
3306.22542827
3306.61515811
3307.00488835
3307.39461900
3307.78435006
3308.17408153
3308.56381341
3308.95354570
3309.34327840
3309.73301152
3310.12274504
3310.51247897
3310.90221331
3311.29194806
3311.68168322
3312.07141879
3312.46115478
3312.85089117
3313.24062797
3313.63036518
3314.02010280
3314.40984083
3314.79957927
3315.18931813
3315.57905739
3315.96879706
3316.35853714
3316.74827763
3317.13801853
3317.52775984
3317.91750156
3318.30724370
3318.69698624
3319.08672919
3319.47647255
3319.86621632
3320.25596050
3320.64570509
3321.03545010
3321.42519551
3321.81494133
3322.20468756
3322.59443420
3322.98418125
3323.37392871
3323.76367658
3324.15342487
3324.54317356
3324.93292266
3325.32267217
3325.71242209
3326.10217242
3326.49192316
3326.88167432
3327.27142588
3327.66117785
3328.05093023
3328.44068302
3328.83043622
3329.22018983
3329.60994386
3329.99969829
3330.38945313
3330.77920838
3331.16896404
3331.55872011
3331.94847659
3332.33823348
3332.72799079
3333.11774850
3333.50750662
3333.89726515
3334.28702409
3334.67678344
3335.06654320
3335.45630338
3335.84606396
3336.23582495
3336.62558635
3337.01534816
3337.40511038
3337.79487301
3338.18463606
3338.57439951
3338.96416337
3339.35392764
3339.74369232
3340.13345741
3340.52322291
3340.91298882
3341.30275515
3341.69252188
3342.08228902
3342.47205657
3342.86182453
3343.25159290
3343.64136168
3344.03113088
3344.42090048
3344.81067049
3345.20044091
3345.59021174
3345.97998298
3346.36975463
3346.75952670
3347.14929917
3347.53907205
3347.92884534
3348.31861904
3348.70839315
3349.09816767
3349.48794260
3349.87771795
3350.26749370
3350.65726986
3351.04704643
3351.43682341
3351.82660080
3352.21637860
3352.60615682
3352.99593544
3353.38571447
3353.77549391
3354.16527376
3354.55505402
3354.94483469
3355.33461577
3355.72439727
3356.11417917
3356.50396148
3356.89374420
3357.28352733
3357.67331087
3358.06309482
3358.45287919
3358.84266396
3359.23244914
3359.62223473
3360.01202073
3360.40180714
3360.79159396
3361.18138120
3361.57116884
3361.96095689
3362.35074535
3362.74053422
3363.13032350
3363.52011319
3363.90990329
3364.29969381
3364.68948473
3365.07927606
3365.46906780
3365.85885995
3366.24865251
3366.63844548
3367.02823887
3367.41803266
3367.80782686
3368.19762147
3368.58741649
3368.97721192
3369.36700776
3369.75680402
3370.14660068
3370.53639775
3370.92619523
3371.31599312
3371.70579142
3372.09559013
3372.48538925
3372.87518879
3373.26498873
3373.65478908
3374.04458984
3374.43439101
3374.82419259
3375.21399458
3375.60379699
3375.99359980
3376.38340302
3376.77320665
3377.16301069
3377.55281514
3377.94262000
3378.33242528
3378.72223096
3379.11203705
3379.50184355
3379.89165046
3380.28145778
3380.67126551
3381.06107365
3381.45088221
3381.84069117
3382.23050054
3382.62031032
3383.01012051
3383.39993111
3383.78974212
3384.17955355
3384.56936538
3384.95917762
3385.34899027
3385.73880333
3386.12861680
3386.51843068
3386.90824498
3387.29805968
3387.68787479
3388.07769031
3388.46750624
3388.85732258
3389.24713933
3389.63695649
3390.02677407
3390.41659205
3390.80641044
3391.19622924
3391.58604845
3391.97586807
3392.36568810
3392.75550855
3393.14532940
3393.53515066
3393.92497233
3394.31479441
3394.70461690
3395.09443980
3395.48426312
3395.87408684
3396.26391097
3396.65373551
3397.04356046
3397.43338582
3397.82321159
3398.21303777
3398.60286437
3398.99269137
3399.38251878
3399.77234660
3400.16217483
3400.55200347
3400.94183252
3401.33166199
3401.72149186
3402.11132214
3402.50115283
3402.89098393
3403.28081544
3403.67064736
3404.06047969
3404.45031244
3404.84014559
3405.22997915
3405.61981312
3406.00964750
3406.39948229
3406.78931749
3407.17915311
3407.56898913
3407.95882556
3408.34866240
3408.73849965
3409.12833731
3409.51817538
3409.90801387
3410.29785276
3410.68769206
3411.07753177
3411.46737189
3411.85721242
3412.24705336
3412.63689471
3413.02673648
3413.41657865
3413.80642123
3414.19626422
3414.58610762
3414.97595143
3415.36579565
3415.75564029
3416.14548533
3416.53533078
3416.92517664
3417.31502291
3417.70486959
3418.09471668
3418.48456419
3418.87441210
3419.26426042
3419.65410915
3420.04395829
3420.43380784
3420.82365780
3421.21350817
3421.60335896
3421.99321015
3422.38306175
3422.77291376
3423.16276618
3423.55261901
3423.94247225
3424.33232591
3424.72217997
3425.11203444
3425.50188932
3425.89174461
3426.28160031
3426.67145642
3427.06131295
3427.45116988
3427.84102722
3428.23088497
3428.62074313
3429.01060170
3429.40046068
3429.79032007
3430.18017988
3430.57004009
3430.95990071
3431.34976174
3431.73962318
3432.12948503
3432.51934729
3432.90920997
3433.29907305
3433.68893654
3434.07880044
3434.46866475
3434.85852947
3435.24839460
3435.63826015
3436.02812610
3436.41799246
3436.80785923
3437.19772641
3437.58759400
3437.97746200
3438.36733041
3438.75719924
3439.14706847
3439.53693811
3439.92680816
3440.31667862
3440.70654949
3441.09642077
3441.48629247
3441.87616457
3442.26603708
3442.65591000
3443.04578333
3443.43565707
3443.82553122
3444.21540579
3444.60528076
3444.99515614
3445.38503193
3445.77490813
3446.16478474
3446.55466176
3446.94453919
3447.33441704
3447.72429529
3448.11417395
3448.50405302
3448.89393250
3449.28381239
3449.67369269
3450.06357341
3450.45345453
3450.84333606
3451.23321800
3451.62310035
3452.01298311
3452.40286628
3452.79274987
3453.18263386
3453.57251826
3453.96240307
3454.35228829
3454.74217392
3455.13205996
3455.52194641
3455.91183328
3456.30172055
3456.69160823
3457.08149632
3457.47138482
3457.86127373
3458.25116305
3458.64105279
3459.03094293
3459.42083348
3459.81072444
3460.20061581
3460.59050759
3460.98039978
3461.37029239
3461.76018540
3462.15007882
3462.53997265
3462.92986689
3463.31976154
3463.70965660
3464.09955207
3464.48944796
3464.87934425
3465.26924095
3465.65913806
3466.04903558
3466.43893351
3466.82883185
3467.21873061
3467.60862977
3467.99852934
3468.38842932
3468.77832971
3469.16823051
3469.55813172
3469.94803335
3470.33793538
3470.72783782
3471.11774067
3471.50764393
3471.89754760
3472.28745168
3472.67735617
3473.06726108
3473.45716639
3473.84707211
3474.23697824
3474.62688478
3475.01679173
3475.40669909
3475.79660687
3476.18651505
3476.57642364
3476.96633264
3477.35624205
3477.74615187
3478.13606210
3478.52597275
3478.91588380
3479.30579526
3479.69570713
3480.08561941
3480.47553210
3480.86544520
3481.25535871
3481.64527264
3482.03518697
3482.42510171
3482.81501686
3483.20493242
3483.59484839
3483.98476477
3484.37468157
3484.76459877
3485.15451638
3485.54443440
3485.93435283
3486.32427167
3486.71419092
3487.10411059
3487.49403066
3487.88395114
3488.27387203
3488.66379333
3489.05371504
3489.44363716
3489.83355969
3490.22348264
3490.61340599
3491.00332975
3491.39325392
3491.78317850
3492.17310349
3492.56302889
3492.95295471
3493.34288093
3493.73280756
3494.12273460
3494.51266205
3494.90258991
3495.29251818
3495.68244687
3496.07237596
3496.46230546
3496.85223537
3497.24216569
3497.63209642
3498.02202756
3498.41195911
3498.80189108
3499.19182345
3499.58175623
3499.97168942
3500.36162302
3500.75155703
3501.14149145
3501.53142629
3501.92136153
3502.31129718
3502.70123324
3503.09116971
3503.48110659
3503.87104388
3504.26098159
3504.65091970
3505.04085822
3505.43079715
3505.82073649
3506.21067624
3506.60061640
3506.99055697
3507.38049796
3507.77043935
3508.16038115
3508.55032336
3508.94026598
3509.33020901
3509.72015245
3510.11009631
3510.50004057
3510.88998524
3511.27993032
3511.66987581
3512.05982171
3512.44976802
3512.83971475
3513.22966188
3513.61960942
3514.00955737
3514.39950573
3514.78945450
3515.17940368
3515.56935327
3515.95930328
3516.34925369
3516.73920451
3517.12915574
3517.51910738
3517.90905943
3518.29901189
3518.68896477
3519.07891805
3519.46887174
3519.85882584
3520.24878035
3520.63873527
3521.02869060
3521.41864635
3521.80860250
3522.19855906
3522.58851603
3522.97847341
3523.36843120
3523.75838940
3524.14834801
3524.53830704
3524.92826647
3525.31822631
3525.70818656
3526.09814722
3526.48810829
3526.87806977
3527.26803167
3527.65799397
3528.04795668
3528.43791980
3528.82788333
3529.21784727
3529.60781162
3529.99777639
3530.38774156
3530.77770714
3531.16767313
3531.55763953
3531.94760634
3532.33757356
3532.72754119
3533.11750924
3533.50747769
3533.89744655
3534.28741582
3534.67738550
3535.06735559
3535.45732609
3535.84729701
3536.23726833
3536.62724006
3537.01721220
3537.40718475
3537.79715771
3538.18713108
3538.57710487
3538.96707906
3539.35705366
3539.74702867
3540.13700409
3540.52697992
3540.91695616
3541.30693281
3541.69690988
3542.08688735
3542.47686523
3542.86684352
3543.25682222
3543.64680133
3544.03678085
3544.42676079
3544.81674113
3545.20672188
3545.59670304
3545.98668461
3546.37666659
3546.76664898
3547.15663179
3547.54661500
3547.93659862
3548.32658265
3548.71656709
3549.10655194
3549.49653720
3549.88652287
3550.27650896
3550.66649545
3551.05648235
3551.44646966
3551.83645738
3552.22644551
3552.61643405
3553.00642301
3553.39641237
3553.78640214
3554.17639232
3554.56638291
3554.95637391
3555.34636532
3555.73635715
3556.12634938
3556.51634202
3556.90633507
3557.29632853
3557.68632240
3558.07631668
3558.46631137
3558.85630648
3559.24630199
3559.63629791
3560.02629424
3560.41629098
3560.80628813
3561.19628569
3561.58628367
3561.97628205
3562.36628084
3562.75628004
3563.14627965
3563.53627967
3563.92628010
3564.31628095
3564.70628220
3565.09628386
3565.48628593
3565.87628841
3566.26629130
3566.65629460
3567.04629831
3567.43630244
3567.82630697
3568.21631191
3568.60631726
3568.99632302
3569.38632919
3569.77633577
3570.16634277
3570.55635017
3570.94635798
3571.33636620
3571.72637483
3572.11638387
3572.50639332
3572.89640319
3573.28641346
3573.67642414
3574.06643523
3574.45644673
3574.84645864
3575.23647096
3575.62648369
3576.01649684
3576.40651039
3576.79652435
3577.18653872
3577.57655350
3577.96656869
3578.35658429
3578.74660031
3579.13661673
3579.52663356
3579.91665080
3580.30666845
3580.69668651
3581.08670498
3581.47672387
3581.86674316
3582.25676286
3582.64678297
3583.03680349
3583.42682442
3583.81684576
3584.20686752
3584.59688968
3584.98691225
3585.37693523
3585.76695862
3586.15698242
3586.54700663
3586.93703125
3587.32705629
3587.71708173
3588.10710758
3588.49713384
3588.88716051
3589.27718759
3589.66721508
3590.05724299
3590.44727130
3590.83730002
3591.22732915
3591.61735869
3592.00738864
3592.39741900
3592.78744978
3593.17748096
3593.56751255
3593.95754455
3594.34757696
3594.73760978
3595.12764301
3595.51767665
3595.90771071
3596.29774517
3596.68778004
3597.07781532
3597.46785101
3597.85788711
3598.24792362
3598.63796055
3599.02799788
3599.41803562
3599.80807377
3600.19811233
3600.58815130
3600.97819068
3601.36823048
3601.75827068
3602.14831129
3602.53835231
3602.92839374
3603.31843558
3603.70847783
3604.09852049
3604.48856357
3604.87860705
3605.26865094
3605.65869524
3606.04873995
3606.43878507
3606.82883060
3607.21887655
3607.60892290
3607.99896966
3608.38901683
3608.77906441
3609.16911240
3609.55916080
3609.94920962
3610.33925884
3610.72930847
3611.11935851
3611.50940896
3611.89945982
3612.28951109
3612.67956277
3613.06961487
3613.45966737
3613.84972028
3614.23977360
3614.62982733
3615.01988147
3615.40993602
3615.79999099
3616.19004636
3616.58010214
3616.97015833
3617.36021493
3617.75027194
3618.14032936
3618.53038720
3618.92044544
3619.31050409
3619.70056315
3620.09062262
3620.48068250
3620.87074279
3621.26080349
3621.65086461
3622.04092613
3622.43098806
3622.82105040
3623.21111315
3623.60117631
3623.99123988
3624.38130387
3624.77136826
3625.16143306
3625.55149827
3625.94156389
3626.33162992
3626.72169636
3627.11176322
3627.50183048
3627.89189815
3628.28196623
3628.67203472
3629.06210362
3629.45217293
3629.84224266
3630.23231279
3630.62238333
3631.01245428
3631.40252564
3631.79259741
3632.18266959
3632.57274218
3632.96281519
3633.35288860
3633.74296242
3634.13303665
3634.52311129
3634.91318634
3635.30326180
3635.69333768
3636.08341396
3636.47349065
3636.86356775
3637.25364526
3637.64372318
3638.03380151
3638.42388026
3638.81395941
3639.20403897
3639.59411894
3639.98419932
3640.37428011
3640.76436131
3641.15444292
3641.54452495
3641.93460738
3642.32469022
3642.71477347
3643.10485713
3643.49494120
3643.88502568
3644.27511058
3644.66519588
3645.05528159
3645.44536771
3645.83545424
3646.22554118
3646.61562853
3647.00571630
3647.39580447
3647.78589305
3648.17598204
3648.56607144
3648.95616125
3649.34625147
3649.73634210
3650.12643315
3650.51652460
3650.90661646
3651.29670873
3651.68680141
3652.07689450
3652.46698800
3652.85708192
3653.24717624
3653.63727097
3654.02736611
3654.41746166
3654.80755762
3655.19765399
3655.58775078
3655.97784797
3656.36794557
3656.75804358
3657.14814200
3657.53824083
3657.92834007
3658.31843972
3658.70853979
3659.09864026
3659.48874114
3659.87884243
3660.26894413
3660.65904624
3661.04914876
3661.43925170
3661.82935504
3662.21945879
3662.60956295
3662.99966752
3663.38977250
3663.77987789
3664.16998370
3664.56008991
3664.95019653
3665.34030356
3665.73041100
3666.12051885
3666.51062711
3666.90073579
3667.29084487
3667.68095436
3668.07106426
3668.46117457
3668.85128529
3669.24139642
3669.63150796
3670.02161992
3670.41173228
3670.80184505
3671.19195823
3671.58207182
3671.97218582
3672.36230023
3672.75241506
3673.14253029
3673.53264593
3673.92276198
3674.31287844
3674.70299531
3675.09311259
3675.48323029
3675.87334839
3676.26346690
3676.65358582
3677.04370515
3677.43382489
3677.82394504
3678.21406560
3678.60418658
3678.99430796
3679.38442975
3679.77455195
3680.16467456
3680.55479758
3680.94492101
3681.33504486
3681.72516911
3682.11529377
3682.50541884
3682.89554432
3683.28567021
3683.67579651
3684.06592323
3684.45605035
3684.84617788
3685.23630582
3685.62643417
3686.01656293
3686.40669210
3686.79682168
3687.18695168
3687.57708208
3687.96721289
3688.35734411
3688.74747574
3689.13760778
3689.52774023
3689.91787310
3690.30800637
3690.69814005
3691.08827414
3691.47840864
3691.86854355
3692.25867887
3692.64881461
3693.03895075
3693.42908730
3693.81922426
3694.20936163
3694.59949941
3694.98963760
3695.37977621
3695.76991522
3696.16005464
3696.55019447
3696.94033471
3697.33047536
3697.72061642
3698.11075789
3698.50089978
3698.89104207
3699.28118477
3699.67132788
3700.06147140
3700.45161533
3700.84175967
3701.23190443
3701.62204959
3702.01219516
3702.40234114
3702.79248753
3703.18263433
3703.57278154
3703.96292917
3704.35307720
3704.74322564
3705.13337449
3705.52352375
3705.91367342
3706.30382350
3706.69397399
3707.08412490
3707.47427621
3707.86442793
3708.25458006
3708.64473260
3709.03488555
3709.42503891
3709.81519269
3710.20534687
3710.59550146
3710.98565646
3711.37581187
3711.76596769
3712.15612392
3712.54628057
3712.93643762
3713.32659508
3713.71675295
3714.10691123
3714.49706992
3714.88722902
3715.27738853
3715.66754846
3716.05770879
3716.44786953
3716.83803068
3717.22819224
3717.61835421
3718.00851659
3718.39867939
3718.78884259
3719.17900620
3719.56917022
3719.95933465
3720.34949949
3720.73966474
3721.12983041
3721.51999648
3721.91016296
3722.30032985
3722.69049715
3723.08066486
3723.47083298
3723.86100152
3724.25117046
3724.64133981
3725.03150957
3725.42167974
3725.81185032
3726.20202131
3726.59219271
3726.98236453
3727.37253675
3727.76270938
3728.15288242
3728.54305587
3728.93322973
3729.32340400
3729.71357869
3730.10375378
3730.49392928
3730.88410519
3731.27428151
3731.66445824
3732.05463538
3732.44481294
3732.83499090
3733.22516927
3733.61534805
3734.00552724
3734.39570684
3734.78588685
3735.17606727
3735.56624811
3735.95642935
3736.34661100
3736.73679306
3737.12697553
3737.51715841
3737.90734170
3738.29752541
3738.68770952
3739.07789404
3739.46807897
3739.85826431
3740.24845006
3740.63863622
3741.02882280
3741.41900978
3741.80919717
3742.19938497
3742.58957318
3742.97976180
3743.36995083
3743.76014028
3744.15033013
3744.54052039
3744.93071106
3745.32090214
3745.71109363
3746.10128553
3746.49147784
3746.88167057
3747.27186370
3747.66205724
3748.05225119
3748.44244555
3748.83264032
3749.22283550
3749.61303110
3750.00322710
3750.39342351
3750.78362033
3751.17381756
3751.56401520
3751.95421325
3752.34441172
3752.73461059
3753.12480987
3753.51500956
3753.90520966
3754.29541017
3754.68561109
3755.07581242
3755.46601417
3755.85621632
3756.24641888
3756.63662185
3757.02682523
3757.41702902
3757.80723322
3758.19743784
3758.58764286
3758.97784829
3759.36805413
3759.75826038
3760.14846704
3760.53867411
3760.92888160
3761.31908949
3761.70929779
3762.09950650
3762.48971562
3762.87992515
3763.27013509
3763.66034545
3764.05055621
3764.44076738
3764.83097896
3765.22119095
3765.61140335
3766.00161616
3766.39182938
3766.78204302
3767.17225706
3767.56247151
3767.95268637
3768.34290164
3768.73311732
3769.12333341
3769.51354992
3769.90376683
3770.29398415
3770.68420188
3771.07442002
3771.46463857
3771.85485753
3772.24507691
3772.63529669
3773.02551688
3773.41573748
3773.80595849
3774.19617991
3774.58640174
3774.97662398
3775.36684664
3775.75706970
3776.14729317
3776.53751705
3776.92774134
3777.31796604
3777.70819115
3778.09841668
3778.48864261
3778.87886895
3779.26909570
3779.65932286
3780.04955043
3780.43977841
3780.83000681
3781.22023561
3781.61046482
3782.00069444
3782.39092447
3782.78115491
3783.17138576
3783.56161703
3783.95184870
3784.34208078
3784.73231327
3785.12254617
3785.51277948
3785.90301320
3786.29324733
3786.68348188
3787.07371683
3787.46395219
3787.85418796
3788.24442414
3788.63466073
3789.02489773
3789.41513515
3789.80537297
3790.19561120
3790.58584984
3790.97608889
3791.36632835
3791.75656822
3792.14680851
3792.53704920
3792.92729030
3793.31753181
3793.70777373
3794.09801606
3794.48825880
3794.87850195
3795.26874552
3795.65898949
3796.04923387
3796.43947866
3796.82972386
3797.21996947
3797.61021549
3798.00046193
3798.39070877
3798.78095602
3799.17120368
3799.56145175
3799.95170023
3800.34194912
3800.73219843
3801.12244814
3801.51269826
3801.90294879
3802.29319973
3802.68345108
3803.07370284
3803.46395502
3803.85420760
3804.24446059
3804.63471399
3805.02496780
3805.41522202
3805.80547665
3806.19573169
3806.58598715
3806.97624301
3807.36649928
3807.75675596
3808.14701305
3808.53727055
3808.92752846
3809.31778679
3809.70804552
3810.09830466
3810.48856421
3810.87882417
3811.26908454
3811.65934532
3812.04960652
3812.43986812
3812.83013013
3813.22039255
3813.61065538
3814.00091862
3814.39118227
3814.78144633
3815.17171081
3815.56197569
3815.95224098
3816.34250668
3816.73277279
3817.12303931
3817.51330624
3817.90357359
3818.29384134
3818.68410950
3819.07437807
3819.46464705
3819.85491644
3820.24518624
3820.63545646
3821.02572708
3821.41599811
3821.80626955
3822.19654140
3822.58681366
3822.97708633
3823.36735942
3823.75763291
3824.14790681
3824.53818112
3824.92845584
3825.31873097
3825.70900651
3826.09928246
3826.48955883
3826.87983560
3827.27011278
3827.66039037
3828.05066837
3828.44094678
3828.83122560
3829.22150484
3829.61178448
3830.00206453
3830.39234499
3830.78262586
3831.17290714
3831.56318883
3831.95347094
3832.34375345
3832.73403637
3833.12431970
3833.51460344
3833.90488759
3834.29517215
3834.68545713
3835.07574251
3835.46602830
3835.85631450
3836.24660111
3836.63688813
3837.02717556
3837.41746340
3837.80775166
3838.19804032
3838.58832939
3838.97861887
3839.36890876
3839.75919906
3840.14948977
3840.53978090
3840.93007243
3841.32036437
3841.71065672
3842.10094948
3842.49124265
3842.88153623
3843.27183023
3843.66212463
3844.05241944
3844.44271466
3844.83301029
3845.22330633
3845.61360278
3846.00389964
3846.39419692
3846.78449460
3847.17479269
3847.56509119
3847.95539010
3848.34568942
3848.73598915
3849.12628930
3849.51658985
3849.90689081
3850.29719218
3850.68749396
3851.07779615
3851.46809875
3851.85840177
3852.24870519
3852.63900902
3853.02931326
3853.41961791
3853.80992297
3854.20022844
3854.59053433
3854.98084062
3855.37114732
3855.76145443
3856.15176195
3856.54206988
3856.93237822
3857.32268697
3857.71299614
3858.10330571
3858.49361569
3858.88392608
3859.27423688
3859.66454809
3860.05485971
3860.44517175
3860.83548419
3861.22579704
3861.61611030
3862.00642397
3862.39673805
3862.78705254
3863.17736745
3863.56768276
3863.95799848
3864.34831461
3864.73863115
3865.12894810
3865.51926546
3865.90958324
3866.29990142
3866.69022001
3867.08053901
3867.47085842
3867.86117824
3868.25149847
3868.64181911
3869.03214017
3869.42246163
3869.81278350
3870.20310578
3870.59342847
3870.98375157
3871.37407508
3871.76439901
3872.15472334
3872.54504808
3872.93537323
3873.32569879
3873.71602476
3874.10635114
3874.49667794
3874.88700514
3875.27733275
3875.66766077
3876.05798920
3876.44831804
3876.83864729
3877.22897695
3877.61930703
3878.00963751
3878.39996840
3878.79029970
3879.18063141
3879.57096353
3879.96129606
3880.35162901
3880.74196236
3881.13229612
3881.52263029
3881.91296487
3882.30329986
3882.69363526
3883.08397108
3883.47430730
3883.86464393
3884.25498097
3884.64531842
3885.03565628
3885.42599455
3885.81633324
3886.20667233
3886.59701183
3886.98735174
3887.37769206
3887.76803279
3888.15837393
3888.54871548
3888.93905745
3889.32939982
3889.71974260
3890.11008579
3890.50042939
3890.89077340
3891.28111782
3891.67146266
3892.06180790
3892.45215355
3892.84249961
3893.23284608
3893.62319296
3894.01354025
3894.40388796
3894.79423607
3895.18458459
3895.57493352
3895.96528286
3896.35563261
3896.74598277
3897.13633335
3897.52668433
3897.91703572
3898.30738752
3898.69773973
3899.08809235
3899.47844538
3899.86879882
3900.25915268
3900.64950694
3901.03986161
3901.43021669
3901.82057218
3902.21092808
3902.60128439
3902.99164112
3903.38199825
3903.77235579
3904.16271374
3904.55307210
3904.94343087
3905.33379005
3905.72414965
3906.11450965
3906.50487006
3906.89523088
3907.28559211
3907.67595375
3908.06631580
3908.45667827
3908.84704114
3909.23740442
3909.62776811
3910.01813221
3910.40849672
3910.79886164
3911.18922697
3911.57959272
3911.96995887
3912.36032543
3912.75069240
3913.14105978
3913.53142757
3913.92179577
3914.31216439
3914.70253341
3915.09290284
3915.48327268
3915.87364293
3916.26401359
3916.65438466
3917.04475615
3917.43512804
3917.82550034
3918.21587305
3918.60624617
3918.99661970
3919.38699364
3919.77736800
3920.16774276
3920.55811793
3920.94849351
3921.33886950
3921.72924590
3922.11962271
3922.50999993
3922.90037757
3923.29075561
3923.68113406
3924.07151292
3924.46189219
3924.85227187
3925.24265196
3925.63303247
3926.02341338
3926.41379470
3926.80417643
3927.19455857
3927.58494112
3927.97532408
3928.36570746
3928.75609124
3929.14647543
3929.53686003
3929.92724504
3930.31763046
3930.70801629
3931.09840253
3931.48878919
3931.87917625
3932.26956372
3932.65995160
3933.05033989
3933.44072859
3933.83111770
3934.22150723
3934.61189716
3935.00228750
3935.39267825
3935.78306941
3936.17346098
3936.56385296
3936.95424536
3937.34463816
3937.73503137
3938.12542499
3938.51581902
3938.90621346
3939.29660831
3939.68700358
3940.07739925
3940.46779533
3940.85819182
3941.24858872
3941.63898603
3942.02938375
3942.41978188
3942.81018043
3943.20057938
3943.59097874
3943.98137851
3944.37177869
3944.76217928
3945.15258028
3945.54298170
3945.93338352
3946.32378575
3946.71418839
3947.10459144
3947.49499490
3947.88539877
3948.27580306
3948.66620775
3949.05661285
3949.44701836
3949.83742428
3950.22783061
3950.61823735
3951.00864451
3951.39905207
3951.78946004
3952.17986842
3952.57027721
3952.96068641
3953.35109602
3953.74150604
3954.13191648
3954.99065565
3955.38307840
3955.77549735
3956.16791249
3956.56032383
3956.95273137
3957.34513510
3957.73753503
3958.12993115
3958.52232347
3958.91471198
3959.30709669
3959.69947760
3960.09185470
3960.48422800
3960.87659749
3961.26896319
3961.66132507
3962.05368315
3962.44603743
3962.83838791
3963.23073458
3963.62307745
3964.01541651
3964.40775177
3964.80008322
3965.19241087
3965.58473472
3965.97705476
3966.36937100
3966.76168343
3967.15399207
3967.54629689
3967.93859791
3968.33089513
3968.72318855
3969.11547816
3969.50776397
3969.90004597
3970.29232417
3970.68459856
3971.07686915
3971.46913594
3971.86139892
3972.25365810
3972.64591348
3973.03816505
3973.43041281
3973.82265678
3974.21489693
3974.60713329
3974.99936584
3975.39159459
3975.78381953
3976.17604067
3976.56825800
3976.96047153
3977.35268126
3977.74488718
3978.13708930
3978.52928762
3978.92148213
3979.31367283
3979.70585974
3980.09804283
3980.49022213
3980.88239762
3981.27456931
3981.66673719
3982.05890127
3982.45106154
3982.84321801
3983.23537068
3983.62751954
3984.01966460
3984.41180586
3984.80394331
3985.19607695
3985.58820680
3985.98033283
3986.37245507
3986.76457350
3987.15668813
3987.54879895
3987.94090597
3988.33300918
3988.72510859
3989.11720420
3989.50929600
3989.90138400
3990.29346820
3990.68554859
3991.07762517
3991.46969796
3991.86176693
3992.25383211
3992.64589348
3993.03795105
3993.43000481
3993.82205477
3994.21410092
3994.60614327
3994.99818182
3995.39021656
3995.78224750
3996.17427464
3996.56629797
3996.95831749
3997.35033322
3997.74234514
3998.13435325
3998.52635756
3998.91835807
3999.31035477
3999.70234767
4000.09433676
4000.48632205
4000.87830354
4001.27028122
4001.66225510
4002.05422518
4002.44619145
4002.83815391
4003.23011258
4003.62206744
4004.01401849
4004.40596574
4004.79790919
4005.18984883
4005.58178467
4005.97371670
4006.36564493
4006.75756936
4007.14948998
4007.54140680
4007.93331982
4008.32522903
4008.71713443
4009.10903604
4009.50093384
4009.89282783
4010.28471802
4010.67660441
4011.06848699
4011.46036577
4011.85224074
4012.24411191
4012.63597928
4013.02784284
4013.41970260
4013.81155856
4014.20341071
4014.59525905
4014.98710360
4015.37894434
4015.77078127
4016.16261440
4016.55444373
4016.94626925
4017.33809097
4017.72990888
4018.12172299
4018.51353330
4018.90533980
4019.29714250
4019.68894140
4020.08073649
4020.47252777
4020.86431526
4021.25609894
4021.64787881
4022.03965488
4022.43142715
4022.82319561
4023.21496027
4023.60672112
4023.99847817
4024.39023142
4024.78198086
4025.17372650
4025.56546834
4025.95720637
4026.34894060
4026.74067102
4027.13239764
4027.52412045
4027.91583946
4028.30755467
4028.69926607
4029.09097367
4029.48267746
4029.87437746
4030.26607364
4030.65776602
4031.04945460
4031.44113938
4031.83282035
4032.22449752
4032.61617088
4033.00784044
4033.39950619
4033.79116814
4034.18282629
4034.57448063
4034.96613117
4035.35777790
4035.74942084
4036.14105996
4036.53269528
4036.92432680
4037.31595452
4037.70757843
4038.09919854
4038.49081484
4038.88242734
4039.27403603
4039.66564092
4040.05724201
4040.44883929
4040.84043277
4041.23202245
4041.62360832
4042.01519038
4042.40676865
4042.79834310
4043.18991376
4043.58148061
4043.97304366
4044.36460290
4044.75615834
4045.14770997
4045.53925780
4045.93080183
4046.32234205
4046.71387847
4047.10541109
4047.49693990
4047.88846490
4048.27998611
4048.67150350
4049.06301710
4049.45452689
4049.84603288
4050.23753506
4050.62903344
4051.02052801
4051.41201878
4051.80350575
4052.19498891
4052.58646827
4052.97794383
4053.36941558
4053.76088352
4054.15234767
4054.54380800
4054.93526454
4055.32671727
4055.71816620
4056.10961132
4056.50105264
4056.89249015
4057.28392386
4057.67535377
4058.06677987
4058.45820217
4058.84962067
4059.24103536
4059.63244624
4060.02385333
4060.41525660
4060.80665608
4061.19805175
4061.58944362
4061.98083168
4062.37221594
4062.76359639
4063.15497304
4063.54634589
4063.93771493
4064.32908017
4064.72044161
4065.11179924
4065.50315306
4065.89450309
4066.28584930
4066.67719172
4067.06853033
4067.45986514
4067.85119614
4068.24252334
4068.63384673
4069.02516632
4069.41648211
4069.80779409
4070.19910227
4070.59040665
4070.98170722
4071.37300398
4071.76429695
4072.15558611
4072.54687146
4072.93815301
4073.32943076
4073.72070470
4074.11197484
4074.50324117
4074.89450370
4075.28576243
4075.67701735
4076.06826847
4076.45951579
4076.85075930
4077.24199900
4077.63323491
4078.02446701
4078.41569530
4078.80691979
4079.19814048
4079.58935736
4079.98057044
4080.37177971
4080.76298518
4081.15418685
4081.54538471
4081.93657877
4082.32776903
4082.71895548
4083.11013812
4083.50131697
4083.89249201
4084.28366324
4084.67483067
4085.06599430
4085.45715412
4085.84831014
4086.23946235
4086.63061076
4087.02175537
4087.41289617
4087.80403317
4088.19516637
4088.58629576
4088.97742134
4089.36854313
4089.75966111
4090.15077528
4090.54188565
4090.93299222
4091.32409498
4091.71519394
4092.10628909
4092.49738044
4092.88846799
4093.27955173
4093.67063167
4094.06170781
4094.45278014
4094.84384866
4095.23491339
4095.62597431
4096.01703142
4096.40808473
4096.79913424
4097.19017994
4097.58122184
4097.97225993
4098.36329422
4098.75432471
4099.14535139
4099.53637427
4099.92739335
4100.31840862
4100.70942008
4101.10042775
4101.49143161
4101.88243166
4102.27342791
4102.66442036
4103.05540900
4103.44639384
4103.83737487
4104.22835210
4104.61932553
4105.01029515
4105.40126097
4105.79222299
4106.18318120
4106.57413561
4106.96508621
4107.35603301
4107.74697600
4108.13791519
4108.52885058
4108.91978216
4109.31070994
4109.70163391
4110.09255409
4110.48347045
4110.87438301
4111.26529177
4111.65619673
4112.04709788
4112.43799523
4112.82888877
4113.21977851
4113.61066444
4114.00154657
4114.39242490
4114.78329942
4115.17417014
4115.56503705
4115.95590017
4116.34675947
4116.73761497
4117.12846667
4117.51931457
4117.91015866
4118.30099895
4118.69183543
4119.08266811
4119.47349698
4119.86432205
4120.25514332
4120.64596078
4121.03677444
4121.42758429
4121.81839035
4122.20919259
4122.59999103
4122.99078567
4123.38157651
4123.77236354
4124.16314677
4124.55392619
4124.94470181
4125.33547362
4125.72624163
4126.11700584
4126.50776624
4126.89852284
4127.28927564
4127.68002463
4128.07076981
4128.46151120
4128.85224877
4129.24298255
4129.63371252
4130.02443869
4130.41516105
4130.80587961
4131.19659436
4131.58730531
4131.97801246
4132.36871580
4132.75941534
4133.15011108
4133.54080301
4133.93149113
4134.32217546
4134.71285597
4135.10353269
4135.49420560
4135.88487471
4136.27554001
4136.66620151
4137.05685920
4137.44751309
4137.83816318
4138.22880946
4138.61945194
4139.01009062
4139.40072549
4139.79135655
4140.18198382
4140.57260727
4140.96322693
4141.35384278
4141.74445483
4142.13506307
4142.52566751
4142.91626814
4143.30686497
4143.69745800
4144.08804722
4144.47863264
4144.86921426
4145.25979207
4145.65036607
4146.04093628
4146.43150267
4146.82206527
4147.21262406
4147.60317905
4147.99373023
4148.38427761
4148.77482118
4149.16536095
4149.55589692
4149.94642908
4150.33695744
4150.72748200
4151.11800275
4151.50851969
4151.89903284
4152.28954217
4152.68004771
4153.07054944
4153.46104737
4153.85154149
4154.24203181
4154.63251832
4155.02300103
4155.41347994
4155.80395504
4156.19442634
4156.58489384
4156.97535753
4157.36581741
4157.75627350
4158.14672577
4158.53717425
4158.92761892
4159.31805979
4159.70849685
4160.09893011
4160.48935956
4160.87978521
4161.27020706
4161.66062510
4162.05103934
4162.44144978
4162.83185641
4163.22225923
4163.61265826
4164.00305347
4164.39344489
4164.78383250
4165.17421631
4165.56459631
4165.95497251
4166.34534490
4166.73571349
4167.12607828
4167.51643926
4167.90679644
4168.29714982
4168.68749939
4169.07784515
4169.46818712
4169.85852528
4170.24885963
4170.63919018
4171.02951693
4171.41983987
4171.81015901
4172.20047434
4172.59078587
4172.98109360
4173.37139752
4173.76169764
4174.15199396
4174.54228647
4174.93257517
4175.32286008
4175.71314118
4176.10341847
4176.49369196
4176.88396165
4177.27422753
4177.66448961
4178.05474788
4178.44500235
4178.83525302
4179.22549988
4179.61574294
4180.00598220
4180.39621765
4180.78644929
4181.17667714
4181.56690118
4181.95712141
4182.34733784
4182.73755047
4183.12775929
4183.51796431
4183.90816552
4184.29836293
4184.68855654
4185.07874634
4185.46893234
4185.85911454
4186.24929293
4186.63946751
4187.02963830
4187.41980528
4187.80996845
4188.20012782
4188.59028339
4188.98043515
4189.37058311
4189.76072726
4190.15086761
4190.54100416
4190.93113690
4191.32126584
4191.71139098
4192.10151231
4192.49162983
4192.88174356
4193.27185348
4193.66195959
4194.05206190
4194.44216041
4194.83225511
4195.22234601
4195.61243310
4196.00251639
4196.39259588
4196.78267156
4197.17274344
4197.56281152
4197.95287579
4198.34293625
4198.73299292
4199.12304578
4199.51309483
4199.90314008
4200.29318153
4200.68321917
4201.07325301
4201.46328304
4201.85330927
4202.24333170
4202.63335032
4203.02336514
4203.41337616
4203.80338337
4204.19338677
4204.58338638
4204.97338218
4205.36337417
4205.75336236
4206.14334675
4206.53332733
4206.92330411
4207.31327708
4207.70324625
4208.09321162
4208.48317318
4208.87313094
4209.26308490
4209.65303505
4210.04298139
4210.43292394
4210.82286268
4211.21279761
4211.60272874
4211.99265607
4212.38257959
4212.77249931
4213.16241522
4213.55232733
4213.94223564
4214.33214014
4214.72204084
4215.11193774
4215.50183083
4215.89172012
4216.28160560
4216.67148728
4217.06136515
4217.45123922
4217.84110949
4218.23097595
4218.62083861
4219.01069746
4219.40055252
4219.79040376
4220.18025120
4220.57009484
4220.95993468
4221.34977071
4221.73960294
4222.12943136
4222.51925598
4222.90907679
4223.29889380
4223.68870701
4224.07851641
4224.46832201
4224.85812380
4225.24792180
4225.63771598
4226.02750636
4226.41729294
4226.80707572
4227.19685469
4227.58662986
4227.97640122
4228.36616878
4228.75593253
4229.14569248
4229.53544863
4229.92520097
4230.31494951
4230.70469424
4231.09443518
4231.48417230
4231.87390562
4232.26363514
4232.65336086
4233.04308277
4233.43280088
4233.82251518
4234.21222568
4234.60193237
4234.99163526
4235.38133435
4235.77102963
4236.16072111
4236.55040878
4236.94009266
4237.32977272
4237.71944898
4238.10912144
4238.49879010
4238.88845495
4239.27811600
4239.66777324
4240.05742668
4240.44707631
4240.83672214
4241.22636417
4241.61600239
4242.00563681
4242.39526742
4242.78489424
4243.17451724
4243.56413644
4243.95375184
4244.34336344
4244.73297123
4245.12257522
4245.51217540
4245.90177178
4246.29136435
4246.68095312
4247.07053809
4247.46011925
4247.84969661
4248.23927017
4248.62883992
4249.01840586
4249.40796801
4249.79752634
4250.18708088
4250.57663161
4250.96617854
4251.35572166
4251.74526098
4252.13479649
4252.52432820
4252.91385611
4253.30338021
4253.69290051
4254.08241701
4254.47192970
4254.86143858
4255.25094367
4255.64044494
4256.02994242
4256.41943609
4256.80892596
4257.19841202
4257.58789428
4257.97737273
4258.36684738
4258.75631823
4259.14578527
4259.53524851
4259.92470795
4260.31416358
4260.70361540
4261.09306343
4261.48250764
4261.87194806
4262.26138467
4262.65081748
4263.04024648
4263.42967168
4263.81909307
4264.20851066
4264.59792445
4264.98733443
4265.37674061
4265.76614299
4266.15554156
4266.54493632
4266.93432729
4267.32371444
4267.71309780
4268.10247735
4268.49185310
4268.88122504
4269.27059318
4269.65995751
4270.04931804
4270.43867477
4270.82802769
4271.21737681
4271.60672213
4271.99606364
4272.38540134
4272.77473525
4273.16406534
4273.55339164
4273.94271413
4274.33203282
4274.72134770
4275.11065878
4275.49996605
4275.88926952
4276.27856919
4276.66786505
4277.05715711
4277.44644537
4277.83572982
4278.22501046
4278.61428731
4279.00356034
4279.39282958
4279.78209501
4280.17135664
4280.56061446
4280.94986848
4281.33911869
4281.72836510
4282.11760771
4282.50684651
4282.89608151
4283.28531271
4283.67454010
4284.06376368
4284.45298347
4284.84219944
4285.23141162
4285.62061999
4286.00982456
4286.39902532
4286.78822228
4287.17741543
4287.56660478
4287.95579033
4288.34497207
4288.73415001
4289.12332415
4289.51249448
4289.90166100
4290.29082373
4290.67998264
4291.06913776
4291.45828907
4291.84743658
4292.23658028
4292.62572018
4293.01485627
4293.40398856
4293.79311705
4294.18224173
4294.57136261
4294.96047969
4295.34959296
4295.73870242
4296.12780809
4296.51690994
4296.90600800
4297.29510225
4297.68419270
4298.07327934
4298.46236218
4298.85144121
4299.24051644
4299.62958787
4300.01865549
4300.40771931
4300.79677933
4301.18583554
4301.57488794
4301.96393655
4302.35298134
4302.74202234
4303.13105953
4303.52009292
4303.90912250
4304.29814828
4304.68717025
4305.07618842
4305.46520279
4305.85421335
4306.24322011
4306.63222307
4307.02122222
4307.41021756
4307.79920911
4308.18819684
4308.57718078
4308.96616091
4309.35513724
4309.74410976
4310.13307848
4310.52204339
4310.91100450
4311.29996181
4311.68891531
4312.07786501
4312.46681091
4312.85575300
4313.24469128
4313.63362577
4314.02255644
4314.41148332
4314.80040639
4315.18932566
4315.57824112
4315.96715278
4316.35606063
4316.74496468
4317.13386493
4317.52276137
4317.91165401
4318.30054285
4318.68942788
4319.07830910
4319.46718653
4319.85606015
4320.24492996
4320.63379597
4321.02265818
4321.41151658
4321.80037118
4322.18922197
4322.57806896
4322.96691215
4323.35575153
4323.74458711
4324.13341889
4324.52224686
4324.91107102
4325.29989139
4325.68870795
4326.07752070
4326.46632965
4326.85513480
4327.24393614
4327.63273368
4328.02152741
4328.41031734
4328.79910347
4329.18788579
4329.57666431
4329.96543903
4330.35420994
4330.74297704
4331.13174035
4331.52049985
4331.90925554
4332.29800743
4332.68675552
4333.07549980
4333.46424028
4333.85297695
4334.24170982
4334.63043889
4335.01916415
4335.40788561
4335.79660327
4336.18531712
4336.57402716
4336.96273341
4337.35143585
4337.74013448
4338.12882931
4338.51752034
4338.90620756
4339.29489098
4339.68357059
4340.07224640
4340.46091841
4340.84958661
4341.23825101
4341.62691161
4342.01556840
4342.40422138
4342.79287057
4343.18151595
4343.57015752
4343.95879529
4344.34742926
4344.73605942
4345.12468578
4345.51330833
4345.90192708
4346.29054203
4346.67915317
4347.06776051
4347.45636405
4347.84496378
4348.23355970
4348.62215183
4349.01074015
4349.39932466
4349.78790537
4350.17648228
4350.56505538
4350.95362468
4351.34219017
4351.73075186
4352.11930975
4352.50786383
4352.89641411
4353.28496059
4353.67350326
4354.06204212
4354.45057719
4354.83910845
4355.22763590
4355.61615955
4356.00467940
4356.39319544
4356.78170768
4357.17021611
4357.55872074
4357.94722157
4358.33571859
4358.72421181
4359.11270123
4359.50118684
4359.88966864
4360.27814665
4360.66662085
4361.05509124
4361.44355783
4361.83202062
4362.22047960
4362.60893478
4362.99738615
4363.38583372
4363.77427749
4364.16271745
4364.55115361
4364.93958597
4365.32801452
4365.71643926
4366.10486021
4366.49327735
4366.88169068
4367.27010021
4367.65850594
4368.04690786
4368.43530598
4368.82370029
4369.21209080
4369.60047751
4369.98886041
4370.37723951
4370.76561481
4371.15398630
4371.54235398
4371.93071787
4372.31907795
4372.70743422
4373.09578669
4373.48413536
4373.87248022
4374.26082128
4374.64915853
4375.03749198
4375.42582163
4375.81414747
4376.20246951
4376.59078775
4376.97910218
4377.36741280
4377.75571963
4378.14402265
4378.53232186
4378.92061727
4379.30890888
4379.69719668
4380.08548068
4380.47376087
4380.86203726
4381.25030985
4381.63857863
4382.02684361
4382.41510479
4382.80336216
4383.19161572
4383.57986549
4383.96811145
4384.35635360
4384.74459195
4385.13282650
4385.52105724
4385.90928418
4386.29750731
4386.68572664
4387.07394217
4387.46215389
4387.85036181
4388.23856593
4388.62676624
4389.01496274
4389.40315545
4389.79134435
4390.17952944
4390.56771073
4390.95588822
4391.34406190
4391.73223178
4392.12039785
4392.50856012
4392.89671859
4393.28487325
4393.67302411
4394.06117117
4394.44931442
4394.83745386
4395.22558951
4395.61372135
4396.00184938
4396.38997361
4396.77809404
4397.16621066
4397.55432348
4397.94243249
4398.33053770
4398.71863911
4399.10673671
4399.49483051
4399.88292051
4400.27100670
4400.65908908
4401.04716767
4401.43524245
4401.82331342
4402.21138059
4402.59944396
4402.98750352
4403.37555928
4403.76361123
4404.15165938
4404.53970373
4404.92774427
4405.31578101
4405.70381395
4406.09184308
4406.47986840
4406.86788993
4407.25590765
4407.64392156
4408.03193167
4408.41993798
4408.80794048
4409.19593918
4409.58393407
4409.97192516
4410.35991245
4410.74789593
4411.13587561
4411.52385149
4411.91182356
4412.29979182
4412.68775629
4413.07571695
4413.46367380
4413.85162685
4414.23957610
4414.62752154
4415.01546318
4415.40340101
4415.79133504
4416.17926527
4416.56719169
4416.95511431
4417.34303313
4417.73094814
4418.11885934
4418.50676675
4418.89467035
4419.28257014
4419.67046613
4420.05835832
4420.44624670
4420.83413128
4421.22201205
4421.60988902
4421.99776219
4422.38563155
4422.77349711
4423.16135887
4423.54921682
4423.93707096
4424.32492131
4424.71276785
4425.10061058
4425.48844951
4425.87628464
4426.26411596
4426.65194348
4427.03976719
4427.42758710
4427.81540321
4428.20321551
4428.59102401
4428.97882871
4429.36662960
4429.75442668
4430.14221997
4430.53000945
4430.91779512
4431.30557699
4431.69335506
4432.08112932
4432.46889978
4432.85666643
4433.24442928
4433.63218833
4434.01994357
4434.40769501
4434.79544265
4435.18318648
4435.57092650
4435.95866273
4436.34639515
4436.73412376
4437.12184857
4437.50956958
4437.89728678
4438.28500018
4438.67270977
4439.06041556
4439.44811755
4439.83581573
4440.22351011
4440.61120069
4440.99888746
4441.38657042
4441.77424959
4442.16192495
4442.54959650
4442.93726425
4443.32492820
4443.71258834
4444.10024468
4444.48789721
4444.87554594
4445.26319087
4445.65083199
4446.03846931
4446.42610283
4446.81373254
4447.20135844
4447.58898055
4447.97659885
4448.36421334
4448.75182403
4449.13943092
4449.52703400
4449.91463328
4450.30222875
4450.68982042
4451.07740829
4451.46499235
4451.85257261
4452.24014907
4452.62772172
4453.01529056
4453.40285561
4453.79041685
4454.17797428
4454.56552791
4454.95307774
4455.34062376
4455.72816598
4456.11570439
4456.50323900
4456.89076981
4457.27829681
4457.66582001
4458.05333941
4458.44085500
4458.82836678
4459.21587477
4459.60337895
4459.99087932
4460.37837589
4460.76586866
4461.15335762
4461.54084278
4461.92832413
4462.31580168
4462.70327543
4463.09074537
4463.47821151
4463.86567385
4464.25313238
4464.64058710
4465.02803803
4465.41548515
4465.80292846
4466.19036797
4466.57780368
4466.96523558
4467.35266368
4467.74008797
4468.12750846
4468.51492515
4468.90233803
4469.28974711
4469.67715239
4470.06455386
4470.45195152
4470.83934539
4471.22673545
4471.61412170
4472.00150415
4472.38888280
4472.77625764
4473.16362868
4473.55099591
4473.93835934
4474.32571897
4474.71307479
4475.10042681
4475.48777503
4475.87511944
4476.26246004
4476.64979685
4477.03712985
4477.42445904
4477.81178443
4478.19910602
4478.58642380
4478.97373778
4479.36104795
4479.74835432
4480.13565689
4480.52295565
4480.91025061
4481.29754177
4481.68482912
4482.07211266
4482.45939241
4482.84666835
4483.23394048
4483.62120881
4484.00847334
4484.39573406
4484.78299098
4485.17024409
4485.55749340
4485.94473891
4486.33198061
4486.71921851
4487.10645261
4487.49368290
4487.88090938
4488.26813207
4488.65535095
4489.04256602
4489.42977729
4489.81698476
4490.20418842
4490.59138828
4490.97858433
4491.36577658
4491.75296503
4492.14014967
4492.52733051
4492.91450755
4493.30168078
4493.68885020
4494.07601583
4494.46317765
4494.85033566
4495.23748987
4495.62464028
4496.01178688
4496.39892968
4496.78606867
4497.17320386
4497.56033525
4497.94746283
4498.33458661
4498.72170659
4499.10882276
4499.49593512
4499.88304369
4500.27014845
4500.65724940
4501.04434655
4501.43143990
4501.81852944
4502.20561518
4502.59269711
4502.97977524
4503.36684957
4503.75392009
4504.14098681
4504.52804973
4504.91510884
4505.30216414
4505.68921565
4506.07626335
4506.46330724
4506.85034733
4507.23738362
4507.62441610
4508.01144478
4508.39846965
4508.78549072
4509.17250799
4509.55952145
4509.94653111
4510.33353697
4510.72053902
4511.10753726
4511.49453171
4511.88152235
4512.26850918
4512.65549221
4513.04247144
4513.42944686
4513.81641848
4514.20338629
4514.59035030
4514.97731051
4515.36426691
4515.75121951
4516.13816831
4516.52511330
4516.91205448
4517.29899187
4517.68592545
4518.07285522
4518.45978119
4518.84670336
4519.23362172
4519.62053628
4520.00744703
4520.39435398
4520.78125713
4521.16815647
4521.55505201
4521.94194375
4522.32883168
4522.71571580
4523.10259613
4523.48947265
4523.87634536
4524.26321427
4524.65007938
4525.03694068
4525.42379818
4525.81065187
4526.19750176
4526.58434785
4526.97119013
4527.35802861
4527.74486329
4528.13169416
4528.51852122
4528.90534449
4529.29216395
4529.67897960
4530.06579145
4530.45259950
4530.83940374
4531.22620418
4531.61300081
4531.99979364
4532.38658267
4532.77336789
4533.16014931
4533.54692693
4533.93370074
4534.32047074
4534.70723695
4535.09399935
4535.48075794
4535.86751273
4536.25426372
4536.64101090
4537.02775428
4537.41449385
4537.80122962
4538.18796159
4538.57468975
4538.96141411
4539.34813467
4539.73485142
4540.12156436
4540.50827351
4540.89497885
4541.28168038
4541.66837811
4542.05507204
4542.44176216
4542.82844848
4543.21513099
4543.60180970
4543.98848461
4544.37515571
4544.76182301
4545.14848651
4545.53514620
4545.92180208
4546.30845417
4546.69510245
4547.08174692
4547.46838759
4547.85502446
4548.24165752
4548.62828678
4549.01491223
4549.40153388
4549.78815173
4550.17476577
4550.56137601
4550.94798245
4551.33458508
4551.72118390
4552.10777893
4552.49437015
4552.88095756
4553.26754117
4553.65412098
4554.04069698
4554.42726918
4554.81383757
4555.20040216
4555.58696295
4555.97351993
4556.36007311
4556.74662249
4557.13316806
4557.51970982
4557.90624779
4558.29278195
4558.67931230
4559.06583885
4559.45236160
4559.83888054
4560.22539568
4560.61190701
4560.99841454
4561.38491827
4561.77141819
4562.15791431
4562.54440663
4562.93089514
4563.31737984
4563.70386075
4564.09033785
4564.47681114
4564.86328063
4565.24974632
4565.63620820
4566.02266628
4566.40912055
4566.79557102
4567.18201769
4567.56846055
4567.95489961
4568.34133487
4568.72776632
4569.11419396
4569.50061781
4569.88703785
4570.27345408
4570.65986651
4571.04627514
4571.43267996
4571.81908098
4572.20547819
4572.59187160
4572.97826121
4573.36464701
4573.75102901
4574.13740721
4574.52378160
4574.91015218
4575.29651897
4575.68288194
4576.06924112
4576.45559649
4576.84194806
4577.22829582
4577.61463978
4578.00097993
4578.38731628
4578.77364883
4579.15997757
4579.54630251
4579.93262365
4580.31894098
4580.70525450
4581.09156423
4581.47787014
4581.86417226
4582.25047057
4582.63676508
4583.02305578
4583.40934268
4583.79562577
4584.18190506
4584.56818055
4584.95445223
4585.34072011
4585.72698419
4586.11324446
4586.49950092
4586.88575359
4587.27200244
4587.65824750
4588.04448875
4588.43072620
4588.81695984
4589.20318968
4589.58941571
4589.97563794
4590.36185637
4590.74807099
4591.13428181
4591.52048883
4591.90669204
4592.29289144
4592.67908705
4593.06527884
4593.45146684
4593.83765103
4594.22383142
4594.61000800
4594.99618078
4595.38234975
4595.76851492
4596.15467629
4596.54083385
4596.92698761
4597.31313757
4597.69928372
4598.08542606
4598.47156461
4598.85769934
4599.24383028
4599.62995741
4600.01608074
4600.40220026
4600.78831598
4601.17442789
4601.56053600
4601.94664031
4602.33274081
4602.71883751
4603.10493041
4603.49101950
4603.87710478
4604.26318627
4604.64926394
4605.03533782
4605.42140789
4605.80747416
4606.19353662
4606.57959528
4606.96565013
4607.35170118
4607.73774843
4608.12379187
4608.50983151
4608.89586735
4609.28189938
4609.66792760
4610.05395203
4610.43997264
4610.82598946
4611.21200247
4611.59801168
4611.98401708
4612.37001868
4612.75601647
4613.14201046
4613.52800065
4613.91398703
4614.29996961
4614.68594839
4615.07192336
4615.45789452
4615.84386189
4616.22982544
4616.61578520
4617.00174115
4617.38769330
4617.77364164
4618.15958618
4618.54552691
4618.93146384
4619.31739697
4619.70332629
4620.08925181
4620.47517353
4620.86109144
4621.24700554
4621.63291585
4622.01882234
4622.40472504
4622.79062393
4623.17651902
4623.56241030
4623.94829778
4624.33418145
4624.72006132
4625.10593739
4625.49180965
4625.87767811
4626.26354277
4626.64940362
4627.03526066
4627.42111391
4627.80696334
4628.19280898
4628.57865081
4628.96448884
4629.35032306
4629.73615348
4630.12198009
4630.50780290
4630.89362191
4631.27943711
4631.66524851
4632.05105611
4632.43685990
4632.82265988
4633.20845607
4633.59424844
4633.98003702
4634.36582179
4634.75160276
4635.13737992
4635.52315328
4635.90892283
4636.29468858
4636.68045053
4637.06620867
4637.45196301
4637.83771355
4638.22346028
4638.60920320
4638.99494233
4639.38067764
4639.76640916
4640.15213687
4640.53786078
4640.92358088
4641.30929718
4641.69500967
4642.08071836
4642.46642325
4642.85212433
4643.23782161
4643.62351509
4644.00920476
4644.39489062
4644.78057269
4645.16625094
4645.55192540
4645.93759605
4646.32326290
4646.70892594
4647.09458518
4647.48024061
4647.86589224
4648.25154007
4648.63718409
4649.02282431
4649.40846072
4649.79409334
4650.17972214
4650.56534714
4650.95096834
4651.33658574
4651.72219933
4652.10780912
4652.49341510
4652.87901728
4653.26461565
4653.65021022
4654.03580099
4654.42138795
4654.80697111
4655.19255046
4655.57812602
4655.96369776
4656.34926570
4656.73482984
4657.12039018
4657.50594671
4657.89149944
4658.27704836
4658.66259348
4659.04813479
4659.43367230
4659.81920601
4660.20473591
4660.59026201
4660.97578430
4661.36130280
4661.74681748
4662.13232836
4662.51783544
4662.90333872
4663.28883819
4663.67433386
4664.05982572
4664.44531378
4664.83079803
4665.21627848
4665.60175513
4665.98722797
4666.37269701
4666.75816224
4667.14362368
4667.52908130
4667.91453512
4668.29998514
4668.68543136
4669.07087377
4669.45631238
4669.84174718
4670.22717818
4670.61260537
4670.99802876
4671.38344835
4671.76886413
4672.15427611
4672.53968428
4672.92508866
4673.31048922
4673.69588598
4674.08127894
4674.46666810
4674.85205345
4675.23743499
4675.62281274
4676.00818668
4676.39355681
4676.77892314
4677.16428567
4677.54964439
4677.93499931
4678.32035042
4678.70569773
4679.09104124
4679.47638094
4679.86171684
4680.24704894
4680.63237723
4681.01770171
4681.40302240
4681.78833928
4682.17365235
4682.55896162
4682.94426709
4683.32956875
4683.71486661
4684.10016066
4684.48545091
4684.87073736
4685.25602000
4685.64129884
4686.02657388
4686.41184511
4686.79711253
4687.18237616
4687.56763598
4687.95289199
4688.33814420
4688.72339261
4689.10863721
4689.49387801
4689.87911500
4690.26434819
4690.64957758
4691.03480316
4691.42002494
4691.80524292
4692.19045709
4692.57566745
4692.96087402
4693.34607678
4693.73127573
4694.11647088
4694.50166223
4694.88684977
4695.27203351
4695.65721344
4696.04238957
4696.42756190
4696.81273042
4697.19789514
4697.58305606
4697.96821317
4698.35336647
4698.73851598
4699.12366168
4699.50880357
4699.89394166
4700.27907595
4700.66420643
4701.04933311
4701.43445598
4701.81957505
4702.20469032
4702.58980178
4702.97490944
4703.36001330
4703.74511335
4704.13020959
4704.51530204
4704.90039068
4705.28547551
4705.67055654
4706.05563377
4706.44070719
4706.82577681
4707.21084262
4707.59590463
4707.98096284
4708.36601724
4708.75106784
4709.13611464
4709.52115763
4709.90619681
4710.29123220
4710.67626378
4711.06129155
4711.44631552
4711.83133569
4712.21635205
4712.60136461
4712.98637336
4713.37137831
4713.75637946
4714.14137680
4714.52637034
4714.91136008
4715.29634601
4715.68132813
4716.06630646
4716.45128098
4716.83625169
4717.22121860
4717.60618171
4717.99114101
4718.37609651
4718.76104820
4719.14599609
4719.53094018
4719.91588046
4720.30081694
4720.68574962
4721.07067849
4721.45560355
4721.84052482
4722.22544227
4722.61035593
4722.99526578
4723.38017183
4723.76507407
4724.14997251
4724.53486714
4724.91975797
4725.30464500
4725.68952822
4726.07440764
4726.45928326
4726.84415507
4727.22902307
4727.61388728
4727.99874767
4728.38360427
4728.76845706
4729.15330605
4729.53815123
4729.92299261
4730.30783018
4730.69266395
4731.07749392
4731.46232008
4731.84714244
4732.23196100
4732.61677575
4733.00158669
4733.38639384
4733.77119717
4734.15599671
4734.54079244
4734.92558437
4735.31037249
4735.69515681
4736.07993732
4736.46471403
4736.84948694
4737.23425604
4737.61902134
4738.00378284
4738.38854053
4738.77329441
4739.15804450
4739.54279077
4739.92753325
4740.31227192
4740.69700679
4741.08173785
4741.46646511
4741.85118856
4742.23590821
4742.62062406
4743.00533610
4743.39004434
4743.77474878
4744.15944941
4744.54414623
4744.92883926
4745.31352847
4745.69821389
4746.08289550
4746.46757331
4746.85224731
4747.23691751
4747.62158390
4748.00624649
4748.39090528
4748.77556026
4749.16021144
4749.54485882
4749.92950239
4750.31414215
4750.69877812
4751.08341027
4751.46803863
4751.85266318
4752.23728393
4752.62190087
4753.00651401
4753.39112334
4753.77572887
4754.16033060
4754.54492852
4754.92952264
4755.31411296
4755.69869947
4756.08328217
4756.46786108
4756.85243617
4757.23700747
4757.62157496
4758.00613865
4758.39069853
4758.77525461
4759.15980688
4759.54435535
4759.92890002
4760.31344088
4760.69797794
4761.08251120
4761.46704065
4761.85156629
4762.23608814
4762.62060617
4763.00512041
4763.38963084
4763.77413747
4764.15864029
4764.54313931
4764.92763452
4765.31212593
4765.69661354
4766.08109734
4766.46557734
4766.85005353
4767.23452593
4767.61899451
4768.00345929
4768.38792027
4768.77237745
4769.15683082
4769.54128039
4769.92572615
4770.31016811
4770.69460626
4771.07904061
4771.46347116
4771.84789790
4772.23232084
4772.61673997
4773.00115531
4773.38556683
4773.76997455
4774.15437847
4774.53877859
4774.92317490
4775.30756741
4775.69195611
4776.07634101
4776.46072210
4776.84509939
4777.22947288
4777.61384256
4777.99820844
4778.38257051
4778.76692879
4779.15128325
4779.53563391
4779.91998077
4780.30432383
4780.68866308
4781.07299853
4781.45733017
4781.84165801
4782.22598204
4782.61030227
4782.99461870
4783.37893132
4783.76324014
4784.14754515
4784.53184636
4784.91614377
4785.30043737
4785.68472717
4786.06901317
4786.45329536
4786.83757374
4787.22184833
4787.60611911
4787.99038608
4788.37464925
4788.75890862
4789.14316418
4789.52741594
4789.91166389
4790.29590804
4790.68014839
4791.06438493
4791.44861767
4791.83284661
4792.21707174
4792.60129306
4792.98551059
4793.36972431
4793.75393422
4794.13814033
4794.52234264
4794.90654114
4795.29073584
4795.67492673
4796.05911382
