1691.54324942
1691.93500589
1692.32676124
1692.71851547
1693.11026860
1693.50202061
1693.89377150
1694.28552128
1694.67726995
1695.06901750
1695.46076394
1695.85250926
1696.24425347
1696.63599657
1697.02773855
1697.41947942
1697.81121917
1698.20295781
1698.59469534
1698.98643175
1699.37816705
1699.76990124
1700.16163431
1700.55336626
1700.94509710
1701.33682683
1701.72855545
1702.12028295
1702.51200933
1702.90373461
1703.29545876
1703.68718181
1704.07890374
1704.47062456
1704.86234426
1705.25406285
1705.64578032
1706.03749668
1706.42921193
1706.82092606
1707.21263908
1707.60435098
1707.99606177
1708.38777145
1708.77948001
1709.17118746
1709.56289379
1709.95459901
1710.34630312
1710.73800611
1711.12970799
1711.52140876
1711.91310841
1712.30480694
1712.69650437
1713.08820067
1713.47989587
1713.87158995
1714.26328291
1714.65497477
1715.04666551
1715.43835513
1715.83004364
1716.22173104
1716.61341732
1717.00510249
1717.39678654
1717.78846948
1718.18015131
1718.57183202
1718.96351162
1719.35519010
1719.74686747
1720.13854373
1720.53021887
1720.92189290
1721.31356582
1721.70523762
1722.09690830
1722.48857787
1722.88024633
1723.27191368
1723.66357991
1724.05524502
1724.44690903
1724.83857191
1725.23023369
1725.62189435
1726.01355390
1726.40521233
1726.79686965
1727.18852585
1727.58018094
1727.97183492
1728.36348778
1728.75513953
1729.14679016
1729.53843968
1729.93008809
1730.32173538
1730.71338156
1731.10502662
1731.49667058
1731.88831341
1732.27995513
1732.67159574
1733.06323524
1733.45487362
1733.84651088
1734.23814704
1734.62978207
1735.02141600
1735.41304881
1735.80468051
1736.19631109
1736.58794056
1736.97956891
1737.37119615
1737.76282228
1738.15444729
1738.54607119
1738.93769397
1739.32931564
1739.72093620
1740.11255564
1740.50417397
1740.89579118
1741.28740728
1741.67902227
1742.07063614
1742.46224890
1742.85386055
1743.24547108
1743.63708049
1744.02868880
1744.42029598
1744.81190206
1745.20350702
1745.59511086
1745.98671360
1746.37831522
1746.76991572
1747.16151511
1747.55311339
1747.94471055
1748.33630660
1748.72790153
1749.11949535
1749.51108806
1749.90267965
1750.29427013
1750.68585949
1751.07744774
1751.46903488
1751.86062090
1752.25220581
1752.64378961
1753.03537229
1753.42695385
1753.81853430
1754.21011364
1754.60169187
1754.99326898
1755.38484497
1755.77641986
1756.16799362
1756.55956628
1756.95113782
1757.34270825
1757.73427756
1758.12584576
1758.51741284
1758.90897881
1759.30054367
1759.69210741
1760.08367004
1760.47523155
1760.86679195
1761.25835124
1761.64990941
1762.04146647
1762.43302241
1762.82457724
1763.21613096
1763.60768356
1763.99923505
1764.39078543
1764.78233469
1765.17388283
1765.56542987
1765.95697578
1766.34852059
1766.74006428
1767.13160685
1767.52314832
1767.91468867
1768.30622790
1768.69776602
1769.08930303
1769.48083892
1769.87237370
1770.26390736
1770.65543991
1771.04697135
1771.43850167
1771.83003088
1772.22155897
1772.61308595
1773.00461182
1773.39613657
1773.78766021
1774.17918274
1774.57070415
1774.96222444
1775.35374362
1775.74526169
1776.13677865
1776.52829449
1776.91980921
1777.31132283
1777.70283532
1778.09434671
1778.48585698
1778.87736614
1779.26887418
1779.66038111
1780.05188692
1780.44339162
1780.83489521
1781.22639768
1781.61789904
1782.00939928
1782.40089841
1782.79239643
1783.18389333
1783.57538912
1783.96688379
1784.35837735
1784.74986980
1785.14136113
1785.53285135
1785.92434046
1786.31582845
1786.70731532
1787.09880109
1787.49028573
1787.88176927
1788.27325169
1788.66473299
1789.05621319
1789.44769227
1789.83917023
1790.23064708
1790.62212282
1791.01359744
1791.40507095
1791.79654334
1792.18801462
1792.57948479
1792.97095384
1793.36242178
1793.75388860
1794.14535431
1794.53681891
1794.92828239
1795.31974476
1795.71120602
1796.10266616
1796.49412518
1796.88558309
1797.27703989
1797.66849558
1798.05995015
1798.45140360
1798.84285595
1799.23430717
1799.62575729
1800.01720629
1800.40865418
1800.80010095
1801.19154661
1801.58299115
1801.97443458
1802.36587690
1802.75731810
1803.14875819
1803.54019716
1803.93163502
1804.32307177
1804.71450740
1805.10594192
1805.49737532
1805.88880761
1806.28023879
1806.67166885
1807.06309780
1807.45452564
1807.84595236
1808.23737796
1808.62880246
1809.02022583
1809.41164810
1809.80306925
1810.19448928
1810.58590821
1810.97732602
1811.36874271
1811.76015829
1812.15157276
1812.54298611
1812.93439835
1813.32580947
1813.71721948
1814.10862838
1814.50003616
1814.89144283
1815.28284838
1815.67425282
1816.06565615
1816.45705836
1816.84845946
1817.23985945
1817.63125832
1818.02265607
1818.41405271
1818.80544824
1819.19684266
1819.58823596
1819.97962814
1820.37101922
1820.76240917
1821.15379802
1821.54518575
1821.93657237
1822.32795787
1822.71934226
1823.11072553
1823.50210769
1823.89348874
1824.28486867
1824.67624749
1825.06762519
1825.45900178
1825.85037726
1826.24175162
1826.63312487
1827.02449700
1827.41586802
1827.80723793
1828.19860672
1828.58997440
1828.98134097
1829.37270642
1829.76407075
1830.15543398
1830.54679608
1830.93815708
1831.32951696
1831.72087572
1832.11223338
1832.50358992
1832.89494534
1833.28629965
1833.67765285
1834.06900493
1834.46035590
1834.85170575
1835.24305449
1835.63440212
1836.02574863
1836.41709403
1836.80843831
1837.19978148
1837.59112354
1837.98246448
1838.37380431
1838.76514302
1839.15648063
1839.54781711
1839.93915248
1840.33048674
1840.72181989
1841.11315192
1841.50448283
1841.89581264
1842.28714132
1842.67846890
1843.06979536
1843.46112071
1843.85244494
1844.24376806
1844.63509006
1845.02641095
1845.41773073
1845.80904939
1846.20036694
1846.59168337
1846.98299869
1847.37431290
1847.76562599
1848.15693797
1848.54824883
1848.93955858
1849.33086722
1849.72217474
1850.11348115
1850.50478645
1850.89609063
1851.28739369
1851.67869564
1852.06999648
1852.46129621
1852.85259482
1853.24389231
1853.63518870
1854.02648396
1854.41777812
1854.80907116
1855.20036309
1855.59165390
1855.98294360
1856.37423218
1856.76551965
1857.15680601
1857.54809125
1857.93937538
1858.33065839
1858.72194029
1859.11322108
1859.50450075
1859.89577931
1860.28705675
1860.67833308
1861.06960830
1861.46088240
1861.85215539
1862.24342727
1862.63469803
1863.02596767
1863.41723621
1863.80850362
1864.19976993
1864.59103512
1864.98229919
1865.37356216
1865.76482401
1866.15608474
1866.54734436
1866.93860287
1867.32986026
1867.72111654
1868.11237170
1868.50362575
1868.89487869
1869.28613051
1869.67738122
1870.06863081
1870.45987929
1870.85112666
1871.24237291
1871.63361805
1872.02486208
1872.41610499
1872.80734678
1873.19858746
1873.58982703
1873.98106549
1874.37230283
1874.76353905
1875.15477417
1875.54600816
1875.93724105
1876.32847282
1876.71970348
1877.11093302
1877.50216145
1877.89338876
1878.28461496
1878.67584005
1879.06706402
1879.45828688
1879.84950862
1880.24072925
1880.63194877
1881.02316717
1881.41438446
1881.80560063
1882.19681569
1882.58802964
1882.97924247
1883.37045419
1883.76166480
1884.15287429
1884.54408266
1884.93528992
1885.32649607
1885.71770111
1886.10890503
1886.50010783
1886.89130953
1887.28251011
1887.67370957
1888.06490792
1888.45610516
1888.84730128
1889.23849629
1889.62969018
1890.02088296
1890.41207463
1890.80326518
1891.19445462
1891.58564294
1891.97683015
1892.36801625
1892.75920123
1893.15038510
1893.54156785
1893.93274950
1894.32393002
1894.71510943
1895.10628773
1895.49746492
1895.88864099
1896.27981594
1896.67098979
1897.06216251
1897.45333413
1897.84450463
1898.23567401
1898.62684229
1899.01800945
1899.40917549
1899.80034042
1900.19150424
1900.58266694
1900.97382853
1901.36498900
1901.75614836
1902.14730661
1902.53846374
1902.92961976
1903.32077466
1903.71192845
1904.10308113
1904.49423269
1904.88538314
1905.27653248
1905.66768070
1906.05882780
1906.44997379
1906.84111867
1907.23226244
1907.62340509
1908.01454662
1908.40568705
1908.79682635
1909.18796455
1909.57910163
1909.97023760
1910.36137245
1910.75250619
1911.14363881
1911.53477032
1911.92590072
1912.31703000
1912.70815817
1913.09928522
1913.49041116
1913.88153599
1914.27265970
1914.66378230
1915.05490378
1915.44602415
1915.83714341
1916.22826155
1916.61937858
1917.01049450
1917.40160930
1917.79272298
1918.18383555
1918.57494701
1918.96605736
1919.35716659
1919.74827470
1920.13938171
1920.53048759
1920.92159237
1921.31269603
1921.70379858
1922.09490001
1922.48600033
1922.87709953
1923.26819762
1923.65929460
1924.05039046
1924.44148521
1924.83257884
1925.22367136
1925.61476277
1926.00585306
1926.39694224
1926.78803030
1927.17911725
1927.57020309
1927.96128781
1928.35237142
1928.74345392
1929.13453530
1929.52561556
1929.91669472
1930.30777275
1930.69884968
1931.08992549
1931.48100018
1931.87207377
1932.26314624
1932.65421759
1933.04528783
1933.43635696
1933.82742497
1934.21849187
1934.60955765
1935.00062232
1935.39168588
1935.78274832
1936.17380965
1936.56486986
1936.95592896
1937.34698695
1937.73804382
1938.12909958
1938.52015422
1938.91120776
1939.30226017
1939.69331147
1940.08436166
1940.47541074
1940.86645870
1941.25750554
1941.64855128
1942.03959589
1942.43063940
1942.82168179
1943.21272307
1943.60376323
1943.99480228
1944.38584021
1944.77687703
1945.16791274
1945.55894733
1945.94998081
1946.34101317
1946.73204442
1947.12307456
1947.51410358
1947.90513149
1948.29615828
1948.68718396
1949.07820853
1949.46923198
1949.86025432
1950.25127555
1950.64229566
1951.03331465
1951.42433253
1951.81534930
1952.20636496
1952.59737950
1952.98839292
1953.37940524
1953.77041643
1954.16142652
1954.55243549
1954.94344335
1955.33445009
1955.72545572
1956.11646023
1956.50746363
1956.89846592
1957.28946709
1957.68046715
1958.07146609
1958.46246392
1958.85346064
1959.24445624
1959.63545073
1960.02644410
1960.41743636
1960.80842751
1961.19941754
1961.59040646
1961.98139427
1962.37238096
1962.76336653
1963.15435099
1963.54533434
1963.93631658
1964.32729770
1964.71827770
1965.10925660
1965.50023437
1965.89121104
1966.28218659
1966.67316103
1967.06413435
1967.45510656
1967.84607765
1968.23704763
1968.62801650
1969.01898425
1969.40995089
1969.80091641
1970.19188082
1970.58284412
1970.97380630
1971.36476737
1971.75572732
1972.14668616
1972.53764389
1972.92860050
1973.31955600
1973.71051039
1974.10146366
1974.49241581
1974.88336686
1975.27431678
1975.66526560
1976.05621330
1976.44715988
1976.83810536
1977.22904972
1977.61999296
1978.01093509
1978.40187611
1978.79281601
1979.18375480
1979.57469247
1979.96562903
1980.35656448
1980.74749881
1981.13843203
1981.52936413
1981.92029512
1982.31122500
1982.70215376
1983.09308141
1983.48400794
1983.87493337
1984.26585767
1984.65678086
1985.04770294
1985.43862391
1985.82954376
1986.22046249
1986.61138012
1987.00229662
1987.39321202
1987.78412630
1988.17503946
1988.56595152
1988.95686246
1989.34777228
1989.73868099
1990.12958859
1990.52049507
1990.91140044
1991.30230469
1991.69320783
1992.08410986
1992.47501077
1992.86591057
1993.25680925
1993.64770682
1994.03860328
1994.42949862
1994.82039285
1995.21128596
1995.60217797
1995.99306885
1996.38395862
1996.77484728
1997.16573483
1997.55662126
1997.94750657
1998.33839078
1998.72927386
1999.12015584
1999.51103670
1999.90191645
2000.29279508
2000.68367260
2001.07454900
2001.46542429
2001.85629847
2002.24717153
2002.63804348
2003.02891431
2003.41978403
2003.81065264
2004.20152013
2004.59238651
2004.98325177
2005.37411592
2005.76497896
2006.15584088
2006.54670169
2006.93756139
2007.32841997
2007.71927743
2008.11013378
2008.50098902
2008.89184315
2009.28269616
2009.67354805
2010.06439884
2010.45524850
2010.84609706
2011.23694450
2011.62779083
2012.01863604
2012.40948014
2012.80032312
2013.19116499
2013.58200575
2013.97284539
2014.36368392
2014.75452133
2015.14535763
2015.53619282
2015.92702689
2016.31785985
2016.70869169
2017.09952242
2017.49035204
2017.88118054
2018.27200793
2018.66283421
2019.05365937
2019.44448341
2019.83530634
2020.22612816
2020.61694887
2021.00776846
2021.39858693
2021.78940430
2022.18022054
2022.57103568
2022.96184970
2023.35266261
2023.74347440
2024.13428508
2024.52509464
2024.91590309
2025.30671043
2025.69751665
2026.08832176
2026.47912575
2026.86992863
2027.26073040
2027.65153105
2028.04233059
2028.43312901
2028.82392632
2029.21472252
2029.60551760
2029.99631157
2030.38710443
2030.77789617
2031.16868679
2031.55947630
2031.95026470
2032.34105199
2032.73183816
2033.12262321
2033.51340716
2033.90418998
2034.29497170
2034.68575230
2035.07653179
2035.46731016
2035.85808742
2036.24886356
2036.63963859
2037.03041251
2037.42118531
2037.81195700
2038.20272757
2038.59349703
2038.98426538
2039.37503261
2039.76579873
2040.15656373
2040.54732762
2040.93809040
2041.32885206
2041.71961261
2042.11037205
2042.50113037
2042.89188757
2043.28264366
2043.67339864
2044.06415251
2044.45490526
2044.84565689
2045.23640742
2045.62715682
2046.01790512
2046.40865230
2046.79939837
2047.19014332
2047.58088716
2047.97162988
2048.36237149
2048.75311199
2049.14385137
2049.53458964
2049.92532679
2050.31606283
2050.70679776
2051.09753157
2051.48826427
2051.87899585
2052.26972632
2052.66045568
2053.05118392
2053.44191105
2053.83263707
2054.22336197
2054.61408575
2055.00480842
2055.39552998
2055.78625043
2056.17696976
2056.56768797
2056.95840508
2057.34912106
2057.73983594
2058.13054970
2058.52126235
2058.91197388
2059.30268430
2059.69339360
2060.08410179
2060.47480887
2060.86551483
2061.25621968
2061.64692341
2062.03762603
2062.42832754
2062.81902793
2063.20972721
2063.60042537
2063.99112242
2064.38181836
2064.77251318
2065.16320689
2065.55389949
2065.94459097
2066.33528133
2066.72597058
2067.11665872
2067.50734575
2067.89803166
2068.28871645
2068.67940014
2069.07008270
2069.46076416
2069.85144450
2070.24212373
2070.63280184
2071.02347884
2071.41415472
2071.80482949
2072.19550315
2072.58617569
2072.97684712
2073.36751743
2073.75818663
2074.14885472
2074.53952169
2074.93018755
2075.32085229
2075.71151592
2076.10217844
2076.49283984
2076.88350013
2077.27415931
2077.66481737
2078.05547431
2078.44613014
2078.83678486
2079.22743847
2079.61809096
2080.00874233
2080.39939260
2080.79004174
2081.18068978
2081.57133670
2081.96198251
2082.35262720
2082.74327078
2083.13391324
2083.52455459
2083.91519483
2084.30583395
2084.69647196
2085.08710885
2085.47774463
2085.86837930
2086.25901285
2086.64964529
2087.04027661
2087.43090682
2087.82153592
2088.21216390
2088.60279077
2088.99341653
2089.38404117
2089.77466469
2090.16528710
2090.55590840
2090.94652859
2091.33714766
2091.72776561
2092.11838246
2092.50899818
2092.89961280
2093.29022630
2093.68083869
2094.07144996
2094.46206012
2094.85266916
2095.24327709
2095.63388391
2096.02448961
2096.41509420
2096.80569767
2097.19630003
2097.58690128
2097.97750141
2098.36810043
2098.75869833
2099.14929512
2099.53989080
2099.93048536
2100.32107881
2100.71167115
2101.10226237
2101.49285247
2101.88344146
2102.27402934
2102.66461611
2103.05520176
2103.44578629
2103.83636972
2104.22695202
2104.61753322
2105.00811330
2105.39869227
2105.78927012
2106.17984686
2106.57042248
2106.96099699
2107.35157039
2107.74214267
2108.13271384
2108.52328389
2108.91385283
2109.30442066
2109.69498737
2110.08555297
2110.47611745
2110.86668082
2111.25724308
2111.64780422
2112.03836425
2112.42892317
2112.81948097
2113.21003765
2113.60059322
2113.99114768
2114.38170103
2114.77225326
2115.16280437
2115.55335438
2115.94390326
2116.33445104
2116.72499770
2117.11554325
2117.50608768
2117.89663100
2118.28717320
2118.67771429
2119.06825427
2119.45879313
2119.84933088
2120.23986751
2120.63040303
2121.02093744
2121.41147073
2121.80200291
2122.19253397
2122.58306392
2122.97359276
2123.36412048
2123.75464709
2124.14517259
2124.53569697
2124.92622023
2125.31674238
2125.70726342
2126.09778335
2126.48830216
2126.87881985
2127.26933644
2127.65985190
2128.05036626
2128.44087950
2128.83139163
2129.22190264
2129.61241254
2130.00292132
2130.39342899
2130.78393555
2131.17444099
2131.56494532
2131.95544853
2132.34595063
2132.73645162
2133.12695149
2133.51745025
2133.90794789
2134.29844442
2134.68893984
2135.07943414
2135.46992733
2135.86041941
2136.25091037
2136.64140021
2137.03188894
2137.42237656
2137.81286307
2138.20334846
2138.59383273
2138.98431590
2139.37479794
2139.76527888
2140.15575870
2140.54623741
2140.93671500
2141.32719148
2141.71766684
2142.10814109
2142.49861423
2142.88908625
2143.27955716
2143.67002695
2144.06049563
2144.45096320
2144.84142965
2145.23189499
2145.62235921
2146.01282232
2146.40328432
2146.79374520
2147.18420497
2147.57466362
2147.96512117
2148.35557759
2148.74603290
2149.13648710
2149.52694019
2149.91739216
2150.30784301
2150.69829276
2151.08874138
2151.47918890
2151.86963530
2152.26008058
2152.65052476
2153.04096782
2153.43140976
2153.82185059
2154.21229031
2154.60272891
2154.99316640
2155.38360277
2155.77403803
2156.16447218
2156.55490521
2156.94533713
2157.33576793
2157.72619762
2158.11662620
2158.50705366
2158.89748001
2159.28790524
2159.67832936
2160.06875237
2160.45917426
2160.84959504
2161.24001471
2161.63043326
2162.02085069
2162.41126702
2162.80168222
2163.19209632
2163.58250930
2163.97292116
2164.36333192
2164.75374156
2165.14415008
2165.53455749
2165.92496379
2166.31536897
2166.70577304
2167.09617599
2167.48657783
2167.87697856
2168.26737817
2168.65777667
2169.04817405
2169.43857032
2169.82896548
2170.21935952
2170.60975245
2171.00014426
2171.39053496
2171.78092455
2172.17131302
2172.56170038
2172.95208663
2173.34247176
2173.73285577
2174.12323867
2174.51362046
2174.90400114
2175.29438070
2175.68475914
2176.07513648
2176.46551269
2176.85588780
2177.24626179
2177.63663467
2178.02700643
2178.41737708
2178.80774661
2179.19811503
2179.58848234
2179.97884853
2180.36921361
2180.75957757
2181.14994042
2181.54030216
2181.93066278
2182.32102229
2182.71138068
2183.10173796
2183.49209413
2183.88244918
2184.27280312
2184.66315595
2185.05350766
2185.44385825
2185.83420773
2186.22455610
2186.61490336
2187.00524950
2187.39559452
2187.78593844
2188.17628123
2188.56662292
2188.95696349
2189.34730295
2189.73764129
2190.12797852
2190.51831463
2190.90864963
2191.29898352
2191.68931629
2192.07964795
2192.46997849
2192.86030792
2193.25063624
2193.64096344
2194.03128953
2194.42161450
2194.81193836
2195.20226111
2195.59258274
2195.98290326
2196.37322267
2196.76354096
2197.15385813
2197.54417419
2197.93448914
2198.32480298
2198.71511570
2199.10542730
2199.49573780
2199.88604717
2200.27635544
2200.66666259
2201.05696862
2201.44727355
2201.83757736
2202.22788005
2202.61818163
2203.00848210
2203.39878145
2203.78907969
2204.17937681
2204.56967282
2204.95996772
2205.35026150
2205.74055417
2206.13084572
2206.52113616
2206.91142549
2207.30171370
2207.69200080
2208.08228678
2208.47257166
2208.86285541
2209.25313805
2209.64341958
2210.03370000
2210.42397930
2210.81425748
2211.20453456
2211.59481051
2211.98508536
2212.37535909
2212.76563170
2213.15590321
2213.54617360
2213.93644287
2214.32671103
2214.71697808
2215.10724401
2215.49750883
2215.88777253
2216.27803512
2216.66829660
2217.05855696
2217.44881621
2217.83907434
2218.22933136
2218.61958727
2219.00984206
2219.40009574
2219.79034830
2220.18059975
2220.57085009
2220.96109931
2221.35134742
2221.74159442
2222.13184030
2222.52208506
2222.91232871
2223.30257125
2223.69281268
2224.08305299
2224.47329218
2224.86353027
2225.25376723
2225.64400309
2226.03423783
2226.42447146
2226.81470397
2227.20493537
2227.59516565
2227.98539482
2228.37562288
2228.76584982
2229.15607565
2229.54630036
2229.93652396
2230.32674645
2230.71696782
2231.10718808
2231.49740722
2231.88762525
2232.27784217
2232.66805797
2233.05827266
2233.44848624
2233.83869870
2234.22891004
2234.61912027
2235.00932939
2235.39953740
2235.78974429
2236.17995006
2236.57015473
2236.96035827
2237.35056071
2237.74076203
2238.13096224
2238.52116133
2238.91135931
2239.30155617
2239.69175192
2240.08194656
2240.47214008
2240.86233249
2241.25252378
2241.64271396
2242.03290303
2242.42309098
2242.81327782
2243.20346354
2243.59364815
2243.98383165
2244.37401403
2244.76419530
2245.15437545
2245.54455450
2245.93473242
2246.32490923
2246.71508493
2247.10525952
2247.49543299
2247.88560534
2248.27577659
2248.66594671
2249.05611573
2249.44628363
2249.83645041
2250.22661609
2250.61678065
2251.00694409
2251.39710642
2251.78726764
2252.17742774
2252.56758673
2252.95774460
2253.34790136
2253.73805701
2254.12821154
2254.51836496
2254.90851726
2255.29866845
2255.68881853
2256.07896749
2256.46911534
2256.85926207
2257.24940769
2257.63955220
2258.02969559
2258.41983787
2258.80997904
2259.20011909
2259.59025802
2259.98039584
2260.37053255
2260.76066815
2261.15080263
2261.54093599
2261.93106825
2262.32119938
2262.71132941
2263.10145832
2263.49158612
2263.88171280
2264.27183837
2264.66196282
2265.05208616
2265.44220839
2265.83232950
2266.22244950
2266.61256838
2267.00268615
2267.39280281
2267.78291835
2268.17303278
2268.56314609
2268.95325829
2269.34336938
2269.73347935
2270.12358821
2270.51369596
2270.90380259
2271.29390810
2271.68401250
2272.07411579
2272.46421797
2272.85431903
2273.24441897
2273.63451781
2274.02461552
2274.41471213
2274.80480762
2275.19490199
2275.58499526
2275.97508741
2276.36517844
2276.75526836
2277.14535717
2277.53544486
2277.92553144
2278.31561690
2278.70570125
2279.09578449
2279.48586661
2279.87594762
2280.26602751
2280.65610629
2281.04618396
2281.43626051
2281.82633595
2282.21641027
2282.60648348
2282.99655558
2283.38662656
2283.77669643
2284.16676519
2284.55683283
2284.94689935
2285.33696476
2285.72702906
2286.11709225
2286.50715432
2286.89721527
2287.28727512
2287.67733384
2288.06739146
2288.45744796
2288.84750335
2289.23755762
2289.62761078
2290.01766282
2290.40771375
2290.79776357
2291.18781227
2291.57785986
2291.96790633
2292.35795169
2292.74799594
2293.13803907
2293.52808109
2293.91812199
2294.30816178
2294.69820046
2295.08823802
2295.47827447
2295.86830981
2296.25834403
2296.64837713
2297.03840912
2297.42844000
2297.81846977
2298.20849842
2298.59852595
2298.98855238
2299.37857768
2299.76860188
2300.15862496
2300.54864692
2300.93866778
2301.32868752
2301.71870614
2302.10872365
2302.49874005
2302.88875533
2303.27876950
2303.66878255
2304.05879449
2304.44880532
2304.83881503
2305.22882363
2305.61883111
2306.00883748
2306.39884274
2306.78884688
2307.17884991
2307.56885182
2307.95885262
2308.34885231
2308.73885088
2309.12884834
2309.51884469
2309.90883992
2310.29883403
2310.68882703
2311.07881892
2311.46880970
2311.85879936
2312.24878790
2312.63877534
2313.02876165
2313.41874686
2313.80873095
2314.19871393
2314.58869579
2314.97867654
2315.36865617
2315.75863469
2316.14861210
2316.53858839
2316.92856357
2317.31853763
2317.70851058
2318.09848242
2318.48845314
2318.87842275
2319.26839124
2319.65835862
2320.04832489
2320.43829004
2320.82825408
2321.21821701
2321.60817882
2321.99813951
2322.38809909
2322.77805756
2323.16801492
2323.55797116
2323.94792628
2324.33788030
2324.72783319
2325.11778498
2325.50773565
2325.89768520
2326.28763365
2326.67758098
2327.06752719
2327.45747229
2327.84741628
2328.23735915
2328.62730091
2329.01724155
2329.40718108
2329.79711950
2330.18705680
2330.57699299
2330.96692806
2331.35686202
2331.74679487
2332.13672660
2332.52665722
2332.91658672
2333.30651511
2333.69644239
2334.08636855
2334.47629360
2334.86621754
2335.25614036
2335.64606206
2336.03598265
2336.42590213
2336.81582050
2337.20573775
2337.59565388
2337.98556891
2338.37548281
2338.76539561
2339.15530729
2339.54521786
2339.93512731
2340.32503565
2340.71494287
2341.10484898
2341.49475398
2341.88465786
2342.27456063
2342.66446228
2343.05436282
2343.44426225
2343.83416056
2344.22405776
2344.61395384
2345.00384881
2345.39374267
2345.78363541
2346.17352704
2346.56341756
2346.95330696
2347.34319524
2347.73308241
2348.12296847
2348.51285342
2348.90273725
2349.29261996
2349.68250157
2350.07238205
2350.46226143
2350.85213969
2351.24201683
2351.63189287
2352.02176779
2352.41164159
2352.80151428
2353.19138586
2353.58125632
2353.97112567
2354.36099390
2354.75086102
2355.14072703
2355.53059192
2355.92045570
2356.31031836
2356.70017991
2357.09004035
2357.47989967
2357.86975788
2358.25961497
2358.64947095
2359.03932582
2359.42917957
2359.81903221
2360.20888374
2360.59873415
2360.98858344
2361.37843162
2361.76827869
2362.15812465
2362.54796949
2362.93781321
2363.32765583
2363.71749732
2364.10733771
2364.49717698
2364.88701514
2365.27685218
2365.66668811
2366.05652292
2366.44635662
2366.83618921
2367.22602068
2367.61585104
2368.00568028
2368.39550841
2368.78533543
2369.17516133
2369.56498612
2369.95480979
2370.34463235
2370.73445380
2371.12427413
2371.51409335
2371.90391145
2372.29372844
2372.68354432
2373.07335908
2373.46317273
2373.85298527
2374.24279669
2374.63260699
2375.02241619
2375.41222426
2375.80203123
2376.19183708
2376.58164181
2376.97144544
2377.36124794
2377.75104934
2378.14084962
2378.53064879
2378.92044684
2379.31024378
2379.70003960
2380.08983431
2380.47962791
2380.86942039
2381.25921176
2381.64900201
2382.03879115
2382.42857918
2382.81836609
2383.20815189
2383.59793657
2383.98772014
2384.37750260
2384.76728394
2385.15706417
2385.54684329
2385.93662129
2386.32639817
2386.71617394
2387.10594860
2387.49572215
2387.88549458
2388.27526589
2388.66503610
2389.05480518
2389.44457316
2389.83434002
2390.22410576
2390.61387040
2391.00363392
2391.39339632
2391.78315761
2392.17291779
2392.56267685
2392.95243480
2393.34219163
2393.73194735
2394.12170196
2394.51145545
2394.90120783
2395.29095909
2395.68070924
2396.07045828
2396.46020620
2396.84995301
2397.23969870
2397.62944328
2398.01918675
2398.40892910
2398.79867034
2399.18841047
2399.57814948
2399.96788737
2400.35762415
2400.74735982
2401.13709438
2401.52682782
2401.91656014
2402.30629136
2402.69602145
2403.08575044
2403.47547831
2403.86520507
2404.25493071
2404.64465524
2405.03437865
2405.42410095
2405.81382214
2406.20354221
2406.59326117
2406.98297901
2407.37269574
2407.76241136
2408.15212586
2408.54183925
2408.93155152
2409.32126268
2409.71097273
2410.10068166
2410.49038948
2410.88009618
2411.26980177
2411.65950625
2412.04920961
2412.43891186
2412.82861300
2413.21831302
2413.60801192
2413.99770971
2414.38740639
2414.77710196
2415.16679641
2415.55648974
2415.94618197
2416.33587307
2416.72556307
2417.11525195
2417.50493972
2417.89462637
2418.28431191
2418.67399633
2419.06367964
2419.45336184
2419.84304292
2420.23272289
2420.62240174
2421.01207948
2421.40175611
2421.79143162
2422.18110602
2422.57077930
2422.96045147
2423.35012253
2423.73979247
2424.12946130
2424.51912901
2424.90879562
2425.29846110
2425.68812547
2426.07778873
2426.46745088
2426.85711191
2427.24677182
2427.63643063
2428.02608831
2428.41574489
2428.80540035
2429.19505469
2429.58470793
2429.97436004
2430.36401105
2430.75366094
2431.14330972
2431.53295738
2431.92260393
2432.31224936
2432.70189368
2433.09153689
2433.48117898
2433.87081996
2434.26045982
2434.65009857
2435.03973621
2435.42937273
2435.81900814
2436.20864243
2436.59827561
2436.98790768
2437.37753863
2437.76716847
2438.15679720
2438.54642481
2438.93605130
2439.32567668
2439.71530095
2440.10492411
2440.49454615
2440.88416707
2441.27378689
2441.66340558
2442.05302317
2442.44263964
2442.83225499
2443.22186924
2443.61148237
2444.00109438
2444.39070528
2444.78031507
2445.16992374
2445.55953130
2445.94913774
2446.33874307
2446.72834729
2447.11795039
2447.50755238
2447.89715325
2448.28675301
2448.67635166
2449.06594919
2449.45554561
2449.84514091
2450.23473510
2450.62432818
2451.01392014
2451.40351099
2451.79310073
2452.18268935
2452.57227685
2452.96186324
2453.35144852
2453.74103269
2454.13061574
2454.52019767
2454.90977850
2455.29935820
2455.68893680
2456.07851428
2456.46809064
2456.85766590
2457.24724004
2457.63681306
2458.02638497
2458.41595577
2458.80552545
2459.19509402
2459.58466147
2459.97422781
2460.36379304
2460.75335715
2461.14292015
2461.53248203
2461.92204280
2462.31160246
2462.70116100
2463.09071843
2463.48027474
2463.86982994
2464.25938403
2464.64893700
2465.03848886
2465.42803961
2465.81758924
2466.20713775
2466.59668515
2466.98623144
2467.37577662
2467.76532068
2468.15486362
2468.54440546
2468.93394617
2469.32348578
2469.71302427
2470.10256165
2470.49209791
2470.88163306
2471.27116709
2471.66070001
2472.05023182
2472.43976251
2472.82929209
2473.21882055
2473.60834790
2473.99787414
2474.38739926
2474.77692327
2475.16644616
2475.66934570
2476.05991464
2476.45048315
2476.84105123
2477.23161889
2477.62218613
2478.01275294
2478.40331933
2478.79388529
2479.18445084
2479.57501595
2479.96558065
2480.35614491
2480.74670876
2481.13727218
2481.52783518
2481.91839775
2482.30895990
2482.69952162
2483.09008292
2483.48064380
2483.87120425
2484.26176428
2484.65232389
2485.04288307
2485.43344183
2485.82400016
2486.21455807
2486.60511555
2486.99567261
2487.38622925
2487.77678546
2488.16734125
2488.55789662
2488.94845156
2489.33900607
2489.72956017
2490.12011384
2490.51066708
2490.90121990
2491.29177230
2491.68232427
2492.07287582
2492.46342695
2492.85397765
2493.24452792
2493.63507778
2494.02562721
2494.41617621
2494.80672479
2495.19727295
2495.58782068
2495.97836799
2496.36891487
2496.75946134
2497.15000737
2497.54055299
2497.93109817
2498.32164294
2498.71218728
2499.10273120
2499.49327469
2499.88381776
2500.27436040
2500.66490262
2501.05544442
2501.44598579
2501.83652674
2502.22706727
2502.61760737
2503.00814705
2503.39868630
2503.78922513
2504.17976353
2504.57030151
2504.96083907
2505.35137620
2505.74191291
2506.13244920
2506.52298506
2506.91352049
2507.30405551
2507.69459010
2508.08512426
2508.47565800
2508.86619132
2509.25672421
2509.64725668
2510.03778873
2510.42832035
2510.81885154
2511.20938232
2511.59991267
2511.99044259
2512.38097209
2512.77150117
2513.16202982
2513.55255805
2513.94308585
2514.33361324
2514.72414019
2515.11466673
2515.50519283
2515.89571852
2516.28624378
2516.67676862
2517.06729303
2517.45781702
2517.84834058
2518.23886372
2518.62938644
2519.01990873
2519.41043060
2519.80095205
2520.19147307
2520.58199367
2520.97251384
2521.36303359
2521.75355291
2522.14407181
2522.53459029
2522.92510834
2523.31562597
2523.70614318
2524.09665996
2524.48717631
2524.87769225
2525.26820776
2525.65872284
2526.04923750
2526.43975174
2526.83026555
2527.22077894
2527.61129191
2528.00180445
2528.39231656
2528.78282826
2529.17333952
2529.56385037
2529.95436079
2530.34487079
2530.73538036
2531.12588951
2531.51639823
2531.90690654
2532.29741441
2532.68792186
2533.07842889
2533.46893550
2533.85944168
2534.24994744
2534.64045277
2535.03095768
2535.42146216
2535.81196622
2536.20246986
2536.59297307
2536.98347586
2537.37397823
2537.76448017
2538.15498169
2538.54548278
2538.93598345
2539.32648369
2539.71698351
2540.10748291
2540.49798188
2540.88848043
2541.27897856
2541.66947626
2542.05997353
2542.45047039
2542.84096682
2543.23146282
2543.62195840
2544.01245356
2544.40294829
2544.79344260
2545.18393649
2545.57442995
2545.96492298
2546.35541560
2546.74590778
2547.13639955
2547.52689089
2547.91738181
2548.30787230
2548.69836237
2549.08885201
2549.47934123
2549.86983003
2550.26031840
2550.65080635
2551.04129388
2551.43178098
2551.82226766
2552.21275391
2552.60323974
2552.99372514
2553.38421012
2553.77469468
2554.16517881
2554.55566252
2554.94614581
2555.33662867
2555.72711111
2556.11759312
2556.50807471
2556.89855587
2557.28903661
2557.67951693
2558.06999682
2558.46047629
2558.85095534
2559.24143396
2559.63191215
2560.02238993
2560.41286728
2560.80334420
2561.19382070
2561.58429678
2561.97477243
2562.36524766
2562.75572246
2563.14619685
2563.53667080
2563.92714434
2564.31761744
2564.70809013
2565.09856239
2565.48903423
2565.87950564
2566.26997663
2566.66044719
2567.05091733
2567.44138705
2567.83185634
2568.22232521
2568.61279366
2569.00326168
2569.39372928
2569.78419645
2570.17466320
2570.56512952
2570.95559542
2571.34606090
2571.73652595
2572.12699058
2572.51745479
2572.90791857
2573.29838192
2573.68884486
2574.07930737
2574.46976945
2574.86023111
2575.25069235
2575.64115316
2576.03161355
2576.42207352
2576.81253306
2577.20299217
2577.59345087
2577.98390914
2578.37436698
2578.76482440
2579.15528140
2579.54573797
2579.93619412
2580.32664984
2580.71710515
2581.10756002
2581.49801448
2581.88846850
2582.27892211
2582.66937529
2583.05982805
2583.45028038
2583.84073229
2584.23118377
2584.62163483
2585.01208547
2585.40253568
2585.79298547
2586.18343484
2586.57388378
2586.96433230
2587.35478039
2587.74522806
2588.13567530
2588.52612212
2588.91656852
2589.30701449
2589.69746004
2590.08790517
2590.47834987
2590.86879414
2591.25923800
2591.64968143
2592.04012443
2592.43056701
2592.82100917
2593.21145090
2593.60189221
2593.99233310
2594.38277356
2594.77321359
2595.16365321
2595.55409240
2595.94453116
2596.33496950
2596.72540742
2597.11584491
2597.50628198
2597.89671862
2598.28715485
2598.67759064
2599.06802602
2599.45846096
2599.84889549
2600.23932959
2600.62976327
2601.02019652
2601.41062935
2601.80106175
2602.19149373
2602.58192529
2602.97235642
2603.36278713
2603.75321742
2604.14364728
2604.53407672
2604.92450573
2605.31493432
2605.70536248
2606.09579022
2606.48621754
2606.87664443
2607.26707090
2607.65749695
2608.04792257
2608.43834776
2608.82877254
2609.21919689
2609.60962081
2610.00004431
2610.39046739
2610.78089004
2611.17131227
2611.56173408
2611.95215546
2612.34257641
2612.73299695
2613.12341705
2613.51383674
2613.90425600
2614.29467484
2614.68509325
2615.07551124
2615.46592880
2615.85634594
2616.24676266
2616.63717895
2617.02759482
2617.41801027
2617.80842529
2618.19883989
2618.58925406
2618.97966781
2619.37008113
2619.76049403
2620.15090651
2620.54131856
2620.93173019
2621.32214140
2621.71255218
2622.10296254
2622.49337247
2622.88378198
2623.27419106
2623.66459972
2624.05500796
2624.44541577
2624.83582316
2625.22623013
2625.61663667
2626.00704278
2626.39744848
2626.78785375
2627.17825859
2627.56866301
2627.95906701
2628.34947058
2628.73987373
2629.13027645
2629.52067876
2629.91108063
2630.30148209
2630.69188311
2631.08228372
2631.47268390
2631.86308366
2632.25348299
2632.64388190
2633.03428038
2633.42467844
2633.81507608
2634.20547329
2634.59587008
2634.98626645
2635.37666239
2635.76705791
2636.15745300
2636.54784767
2636.93824191
2637.32863573
2637.71902913
2638.10942210
2638.49981465
2638.89020678
2639.28059848
2639.67098975
2640.06138061
2640.45177104
2640.84216104
2641.23255062
2641.62293978
2642.01332851
2642.40371682
2642.79410471
2643.18449217
2643.57487920
2643.96526582
2644.35565201
2644.74603777
2645.13642311
2645.52680803
2645.91719252
2646.30757659
2646.69796023
2647.08834346
2647.47872625
2647.86910863
2648.25949057
2648.64987210
2649.04025320
2649.43063388
2649.82101413
2650.21139396
2650.60177336
2650.99215234
2651.38253090
2651.77290903
2652.16328674
2652.55366403
2652.94404089
2653.33441733
2653.72479334
2654.11516893
2654.50554409
2654.89591883
2655.28629315
2655.67666704
2656.06704051
2656.45741356
2656.84778618
2657.23815837
2657.62853015
2658.01890150
2658.40927242
2658.79964292
2659.19001300
2659.58038265
2659.97075188
2660.36112069
2660.75148907
2661.14185702
2661.53222456
2661.92259166
2662.31295835
2662.70332461
2663.09369045
2663.48405586
2663.87442085
2664.26478541
2664.65514956
2665.04551327
2665.43587656
2665.82623943
2666.21660188
2666.60696390
2666.99732550
2667.38768667
2667.77804742
2668.16840774
2668.55876764
2668.94912712
2669.33948617
2669.72984480
2670.12020301
2670.51056079
2670.90091815
2671.29127508
2671.68163159
2672.07198767
2672.46234333
2672.85269857
2673.24305338
2673.63340777
2674.02376174
2674.41411528
2674.80446839
2675.19482109
2675.58517336
2675.97552520
2676.36587662
2676.75622762
2677.14657819
2677.53692834
2677.92727807
2678.31762737
2678.70797624
2679.09832470
2679.48867272
2679.87902033
2680.26936751
2680.65971427
2681.05006060
2681.44040651
2681.83075199
2682.22109705
2682.61144169
2683.00178590
2683.39212969
2683.78247306
2684.17281600
2684.56315852
2684.95350061
2685.34384228
2685.73418352
2686.12452434
2686.51486474
2686.90520471
2687.29554426
2687.68588339
2688.07622209
2688.46656036
2688.85689822
2689.24723565
2689.63757265
2690.02790923
2690.41824539
2690.80858112
2691.19891643
2691.58925132
2691.97958578
2692.36991981
2692.76025343
2693.15058662
2693.54091938
2693.93125172
2694.32158364
2694.71191513
2695.10224620
2695.49257684
2695.88290707
2696.27323686
2696.66356624
2697.05389518
2697.44422371
2697.83455181
2698.22487949
2698.61520674
2699.00553357
2699.39585997
2699.78618595
2700.17651151
2700.56683664
2700.95716135
2701.34748564
2701.73780950
2702.12813294
2702.51845595
2702.90877854
2703.29910070
2703.68942244
2704.07974376
2704.47006465
2704.86038512
2705.25070517
2705.64102479
2706.03134398
2706.42166276
2706.81198111
2707.20229903
2707.59261653
2707.98293361
2708.37325026
2708.76356649
2709.15388230
2709.54419768
2709.93451263
2710.32482717
2710.71514128
2711.10545496
2711.49576822
2711.88608106
2712.27639347
2712.66670546
2713.05701702
2713.44732817
2713.83763888
2714.22794917
2714.61825904
2715.00856849
2715.39887751
2715.78918611
2716.17949428
2716.56980203
2716.96010935
2717.35041625
2717.74072273
2718.13102878
2718.52133441
2718.91163962
2719.30194440
2719.69224876
2720.08255269
2720.47285620
2720.86315928
2721.25346194
2721.64376418
2722.03406599
2722.42436738
2722.81466835
2723.20496889
2723.59526900
2723.98556870
2724.37586797
2724.76616681
2725.15646523
2725.54676323
2725.93706080
2726.32735795
2726.71765468
2727.10795098
2727.49824685
2727.88854231
2728.27883733
2728.66913194
2729.05942612
2729.44971988
2729.84001321
2730.23030612
2730.62059860
2731.01089066
2731.40118230
2731.79147351
2732.18176430
2732.57205467
2732.96234461
2733.35263413
2733.74292322
2734.13321189
2734.52350013
2734.91378795
2735.30407535
2735.69436232
2736.08464887
2736.47493500
2736.86522070
2737.25550597
2737.64579083
2738.03607526
2738.42635926
2738.81664284
2739.20692600
2739.59720873
2739.98749104
2740.37777293
2740.76805439
2741.15833542
2741.54861604
2741.93889623
2742.32917599
2742.71945533
2743.10973425
2743.50001274
2743.89029081
2744.28056845
2744.67084568
2745.06112247
2745.45139885
2745.84167479
2746.23195032
2746.62222542
2747.01250010
2747.40277435
2747.79304818
2748.18332158
2748.57359456
2748.96386712
2749.35413925
2749.74441096
2750.13468225
2750.52495311
2750.91522355
2751.30549356
2751.69576315
2752.08603231
2752.47630105
2752.86656937
2753.25683726
2753.64710473
2754.03737178
2754.42763840
2754.81790459
2755.20817037
2755.59843572
2755.98870064
2756.37896514
2756.76922922
2757.15949287
2757.54975610
2757.94001891
2758.33028129
2758.72054324
2759.11080478
2759.50106589
2759.89132657
2760.28158683
2760.67184667
2761.06210608
2761.45236507
2761.84262363
2762.23288178
2762.62313949
2763.01339678
2763.40365365
2763.79391010
2764.18416612
2764.57442172
2764.96467689
2765.35493164
2765.74518596
2766.13543986
2766.52569334
2766.91594639
2767.30619902
2767.69645123
2768.08670301
2768.47695437
2768.86720530
2769.25745581
2769.64770589
2770.03795555
2770.42820479
2770.81845360
2771.20870199
2771.59894996
2771.98919750
2772.37944461
2772.76969131
2773.15993758
2773.55018342
2773.94042884
2774.33067384
2774.72091841
2775.11116256
2775.50140629
2775.89164959
2776.28189246
2776.67213492
2777.06237694
2777.45261855
2777.84285973
2778.23310049
2778.62334082
2779.01358073
2779.40382021
2779.79405927
2780.18429791
2780.57453612
2780.96477391
2781.35501128
2781.74524822
2782.13548474
2782.52572083
2782.91595650
2783.30619174
2783.69642656
2784.08666096
2784.47689493
2784.86712848
2785.25736161
2785.64759431
2786.03782658
2786.42805844
2786.81828987
2787.20852087
2787.59875145
2787.98898161
2788.37921134
2788.76944065
2789.15966954
2789.54989800
2789.94012603
2790.33035365
2790.72058084
2791.11080760
2791.50103394
2791.89125986
2792.28148535
2792.67171042
2793.06193506
2793.45215929
2793.84238308
2794.23260646
2794.62282940
2795.01305193
2795.40327403
2795.79349571
2796.18371696
2796.57393779
2796.96415819
2797.35437817
2797.74459773
2798.13481686
2798.52503557
2798.91525386
2799.30547172
2799.69568916
2800.08590617
2800.47612276
2800.86633892
2801.25655466
2801.64676998
2802.03698487
2802.42719934
2802.81741339
2803.20762701
2803.59784020
2803.98805298
2804.37826533
2804.76847725
2805.15868875
2805.54889983
2805.93911048
2806.32932071
2806.71953052
2807.10973990
2807.49994885
2807.89015739
2808.28036549
2808.67057318
2809.06078044
2809.45098728
2809.84119369
2810.23139968
2810.62160524
2811.01181039
2811.40201510
2811.79221939
2812.18242326
2812.57262671
2812.96282973
2813.35303233
2813.74323450
2814.13343625
2814.52363757
2814.91383847
2815.30403895
2815.69423900
2816.08443863
2816.47463784
2816.86483662
2817.25503498
2817.64523291
2818.03543042
2818.42562750
2818.81582416
2819.20602040
2819.59621621
2819.98641160
2820.37660657
2820.76680111
2821.15699522
2821.54718892
2821.93738219
2822.32757503
2822.71776745
2823.10795945
2823.49815102
2823.88834217
2824.27853289
2824.66872320
2825.05891307
2825.44910253
2825.83929155
2826.22948016
2826.61966834
2827.00985610
2827.40004343
2827.79023034
2828.18041682
2828.57060288
2828.96078852
2829.35097373
2829.74115852
2830.13134289
2830.52152683
2830.91171035
2831.30189344
2831.69207611
2832.08225835
2832.47244017
2832.86262157
2833.25280254
2833.64298309
2834.03316322
2834.42334292
2834.81352219
2835.20370105
2835.59387948
2835.98405748
2836.37423506
2836.76441222
2837.15458895
2837.54476526
2837.93494115
2838.32511661
2838.71529164
2839.10546626
2839.49564045
2839.88581421
2840.27598755
2840.66616047
2841.05633296
2841.44650503
2841.83667667
2842.22684790
2842.61701869
2843.00718907
2843.39735901
2843.78752854
2844.17769764
2844.56786632
2844.95803457
2845.34820240
2845.73836980
2846.12853678
2846.51870334
2846.90886947
2847.29903518
2847.68920047
2848.07936533
2848.46952977
2848.85969378
2849.24985737
2849.64002053
2850.03018327
2850.42034559
2850.81050748
2851.20066895
2851.59083000
2851.98099062
2852.37115081
2852.76131059
2853.15146994
2853.54162886
2853.93178736
2854.32194544
2854.71210309
2855.10226032
2855.49241713
2855.88257351
2856.27272946
2856.66288500
2857.05304010
2857.44319479
2857.83334905
2858.22350289
2858.61365630
2859.00380929
2859.39396185
2859.78411399
2860.17426571
2860.56441700
2860.95456787
2861.34471832
2861.73486834
2862.12501794
2862.51516711
2862.90531586
2863.29546418
2863.68561208
2864.07575956
2864.46590661
2864.85605324
2865.24619945
2865.63634523
2866.02649058
2866.41663552
2866.80678003
2867.19692411
2867.58706777
2867.97721101
2868.36735382
2868.75749621
2869.14763818
2869.53777972
2869.92792083
2870.31806153
2870.70820180
2871.09834164
2871.48848106
2871.87862006
2872.26875863
2872.65889678
2873.04903450
2873.43917181
2873.82930868
2874.21944514
2874.60958116
2874.99971677
2875.38985195
2875.77998671
2876.17012104
2876.56025495
2876.95038843
2877.34052149
2877.73065413
2878.12078634
2878.51091813
2878.90104950
2879.29118044
2879.68131096
2880.07144105
2880.46157072
2880.85169996
2881.24182878
2881.63195718
2882.02208515
2882.41221270
2882.80233983
2883.19246653
2883.58259280
2883.97271866
2884.36284409
2884.75296909
2885.14309367
2885.53321783
2885.92334156
2886.31346487
2886.70358776
2887.09371022
2887.48383225
2887.87395387
2888.26407505
2888.65419582
2889.04431616
2889.43443608
2889.82455557
2890.21467464
2890.60479328
2890.99491151
2891.38502930
2891.77514667
2892.16526362
2892.55538015
2892.94549625
2893.33561193
2893.72572718
2894.11584201
2894.50595641
2894.89607039
2895.28618395
2895.67629708
2896.06640979
2896.45652208
2896.84663394
2897.23674538
2897.62685639
2898.01696698
2898.40707714
2898.79718688
2899.18729620
2899.57740509
2899.96751356
2900.35762161
2900.74772923
2901.13783642
2901.52794320
2901.91804955
2902.30815547
2902.69826097
2903.08836605
2903.47847070
2903.86857493
2904.25867873
2904.64878212
2905.03888507
2905.42898761
2905.81908971
2906.20919140
2906.59929266
2906.98939350
2907.37949391
2907.76959390
2908.15969346
2908.54979260
2908.93989132
2909.32998961
2909.72008748
2910.11018493
2910.50028195
2910.89037855
2911.28047472
2911.67057047
2912.06066579
2912.45076069
2912.84085517
2913.23094922
2913.62104285
2914.01113606
2914.40122884
2914.79132119
2915.18141313
2915.57150464
2915.96159572
2916.35168638
2916.74177662
2917.13186643
2917.52195582
2917.91204479
2918.30213333
2918.69222144
2919.08230914
2919.47239641
2919.86248325
2920.25256967
2920.64265567
2921.03274124
2921.42282639
2921.81291111
2922.20299542
2922.59307929
2922.98316274
2923.37324577
2923.76332838
2924.15341056
2924.54349232
2924.93357365
2925.32365456
2925.71373504
2926.10381510
2926.49389474
2926.88397395
2927.27405274
2927.66413111
2928.05420905
2928.44428657
2928.83436366
2929.22444033
2929.61451657
2930.00459239
2930.39466779
2930.78474276
2931.17481731
2931.56489144
2931.95496514
2932.34503841
2932.73511127
2933.12518370
2933.51525570
2933.90532728
2934.29539844
2934.68546917
2935.07553948
2935.46560937
2935.85567883
2936.24574786
2936.63581648
2937.02588466
2937.41595243
2937.80601977
2938.19608669
2938.58615318
2938.97621925
2939.36628489
2939.75635011
2940.14641491
2940.53647928
2940.92654323
2941.31660676
2941.70666986
2942.09673254
2942.48679479
2942.87685662
2943.26691802
2943.65697900
2944.04703956
2944.43709969
2944.82715940
2945.21721869
2945.60727755
2945.99733598
2946.38739400
2946.77745159
2947.16750875
2947.55756549
2947.94762181
2948.33767770
2948.72773317
2949.11778822
2949.50784284
2949.89789703
2950.28795081
2950.67800416
2951.06805708
2951.45810958
2951.84816166
2952.23821331
2952.62826454
2953.01831534
2953.40836573
2953.79841568
2954.18846522
2954.57851432
2954.96856301
2955.35861127
2955.74865911
2956.13870652
2956.52875351
2956.91880007
2957.30884621
2957.69889193
2958.08893722
2958.47898209
2958.86902654
2959.25907056
2959.64911416
2960.03915733
2960.42920008
2960.81924240
2961.20928430
2961.59932578
2961.98936683
2962.37940746
2962.76944767
2963.15948745
2963.54952680
2963.93956574
2964.32960425
2964.71964233
2965.10967999
2965.49971723
2965.88975404
2966.27979043
2966.66982640
2967.05986194
2967.44989705
2967.83993175
2968.22996601
2968.61999986
2969.01003328
2969.40006628
2969.79009885
2970.18013100
2970.57016272
2970.96019402
2971.35022490
2971.74025535
2972.13028538
2972.52031499
2972.91034417
2973.30037293
2973.69040126
2974.08042917
2974.47045665
2974.86048371
2975.25051035
2975.64053656
2976.03056235
2976.42058772
2976.81061266
2977.20063717
2977.59066127
2977.98068494
2978.37070818
2978.76073100
2979.15075340
2979.54077537
2979.93079692
2980.32081805
2980.71083875
2981.10085902
2981.49087888
2981.88089831
2982.27091731
2982.66093589
2983.05095405
2983.44097178
2983.83098909
2984.22100597
2984.61102244
2985.00103847
2985.39105409
2985.78106927
2986.17108404
2986.56109838
2986.95111230
2987.34112579
2987.73113886
2988.12115150
2988.51116372
2988.90117552
2989.29118689
2989.68119784
2990.07120837
2990.46121847
2990.85122815
2991.24123740
2991.63124623
2992.02125463
2992.41126261
2992.80127017
2993.19127730
2993.58128401
2993.97129030
2994.36129616
2994.75130159
2995.14130661
2995.53131120
2995.92131536
2996.31131910
2996.70132242
2997.09132531
2997.48132778
2997.87132983
2998.26133145
2998.65133264
2999.04133342
2999.43133376
2999.82133369
3000.21133319
3000.60133227
3000.99133092
3001.38132915
3001.77132695
3002.16132433
3002.55132129
3002.94131782
3003.33131393
3003.72130962
3004.11130488
3004.50129972
3004.89129413
3005.28128812
3005.67128168
3006.06127482
3006.45126754
3006.84125983
3007.23125170
3007.62124315
3008.01123417
3008.40122476
3008.79121494
3009.18120469
3009.57119401
3009.96118291
3010.35117139
3010.74115944
3011.13114707
3011.52113428
3011.91112106
3012.30110741
3012.69109335
3013.08107886
3013.47106394
3013.86104860
3014.25103284
3014.64101665
3015.03100004
3015.42098300
3015.81096555
3016.20094766
3016.59092936
3016.98091062
3017.37089147
3017.76087189
3018.15085189
3018.54083146
3018.93081061
3019.32078933
3019.71076763
3020.10074551
3020.49072296
3020.88069999
3021.27067660
3021.66065278
3022.05062854
3022.44060387
3022.83057878
3023.22055326
3023.61052732
3024.00050096
3024.39047417
3024.78044696
3025.17041933
3025.56039127
3025.95036278
3026.34033388
3026.73030455
3027.12027479
3027.51024461
3027.90021401
3028.29018298
3028.68015153
3029.07011966
3029.46008736
3029.85005463
3030.24002149
3030.62998791
3031.01995392
3031.40991950
3031.79988466
3032.18984939
3032.57981370
3032.96977758
3033.35974104
3033.74970408
3034.13966669
3034.52962888
3034.91959065
3035.30955199
3035.69951291
3036.08947340
3036.47943347
3036.86939311
3037.25935233
3037.64931113
3038.03926950
3038.42922745
3038.81918498
3039.20914208
3039.59909875
3039.98905501
3040.37901084
3040.76896624
3041.15892122
3041.54887578
3041.93882991
3042.32878362
3042.71873691
3043.10868977
3043.49864220
3043.88859422
3044.27854581
3044.66849697
3045.05844771
3045.44839803
3045.83834792
3046.22829739
3046.61824643
3047.00819506
3047.39814325
3047.78809103
3048.17803837
3048.56798530
3048.95793180
3049.34787788
3049.73782353
3050.12776876
3050.51771356
3050.90765794
3051.29760190
3051.68754543
3052.07748854
3052.46743123
3052.85737349
3053.24731533
3053.63725674
3054.02719773
3054.41713829
3054.80707843
3055.19701815
3055.58695744
3055.97689631
3056.36683476
3056.75677278
3057.14671037
3057.53664755
3057.92658430
3058.31652062
3058.70645652
3059.09639200
3059.48632705
3059.87626168
3060.26619589
3060.65612967
3061.04606302
3061.43599596
3061.82592846
3062.21586055
3062.60579221
3062.99572345
3063.38565426
3063.77558465
3064.16551461
3064.55544415
3064.94537327
3065.33530196
3065.72523023
3066.11515808
3066.50508550
3066.89501250
3067.28493907
3067.67486522
3068.06479094
3068.45471624
3068.84464112
3069.23456557
3069.62448960
3070.01441321
3070.40433639
3070.79425914
3071.18418148
3071.57410339
3071.96402487
3072.35394593
3072.74386657
3073.13378678
3073.52370657
3073.91362594
3074.30354488
3074.69346339
3075.08338149
3075.47329916
3075.86321640
3076.25313322
3076.64304962
3077.03296559
3077.42288114
3077.81279626
3078.20271097
3078.59262524
3078.98253910
3079.37245252
3079.76236553
3080.15227811
3080.54219027
3080.93210200
3081.32201331
3081.71192419
3082.10183465
3082.49174469
3082.88165430
3083.27156349
3083.66147226
3084.05138060
3084.44128852
3084.83119601
3085.22110308
3085.61100972
3086.00091594
3086.39082174
3086.78072711
3087.17063206
3087.56053659
3087.95044069
3088.34034436
3088.73024762
3089.12015045
3089.51005285
3089.89995483
3090.28985639
3090.67975752
3091.06965823
3091.45955852
3091.84945838
3092.23935781
3092.62925683
3093.01915541
3093.40905358
3093.79895132
3094.18884864
3094.57874553
3094.96864200
3095.35853804
3095.74843366
3096.13832886
3096.52822363
3096.91811798
3097.30801191
3097.69790541
3098.08779849
3098.47769114
3098.86758337
3099.25747517
3099.64736655
3100.03725751
3100.42714804
3100.81703815
3101.20692784
3101.59681710
3101.98670593
3102.37659435
3102.76648234
3103.15636990
3103.54625704
3103.93614376
3104.32603005
3104.71591592
3105.10580137
3105.49568639
3105.88557098
3106.27545516
3106.66533891
3107.05522223
3107.44510513
3107.83498761
3108.22486966
3108.61475129
3109.00463249
3109.39451328
3109.78439363
3110.17427357
3110.56415307
3110.95403216
3111.34391082
3111.73378906
3112.12366687
3112.51354426
3112.90342122
3113.29329776
3113.68317388
3114.07304957
3114.46292484
3114.85279969
3115.24267411
3115.63254811
3116.02242168
3116.41229483
3116.80216755
3117.19203985
3117.58191173
3117.97178318
3118.36165421
3118.75152482
3119.14139500
3119.53126475
3119.92113409
3120.31100300
3120.70087148
3121.09073954
3121.48060718
3121.87047439
3122.26034118
3122.65020754
3123.04007349
3123.42993900
3123.81980410
3124.20966876
3124.59953301
3124.98939683
3125.37926023
3125.76912320
3126.15898575
3126.54884787
3126.93870957
3127.32857085
3127.71843170
3128.10829213
3128.49815214
3128.88801172
3129.27787088
3129.66772961
3130.05758792
3130.44744580
3130.83730326
3131.22716030
3131.61701691
3132.00687310
3132.39672887
3132.78658421
3133.17643912
3133.56629362
3133.95614769
3134.34600133
3134.73585455
3135.12570735
3135.51555972
3135.90541167
3136.29526320
3136.68511430
3137.07496497
3137.46481523
3137.85466506
3138.24451446
3138.63436344
3139.02421200
3139.41406013
3139.80390784
3140.19375512
3140.58360199
3140.97344842
3141.36329443
3141.75314002
3142.14298519
3142.53282993
3142.92267425
3143.31251814
3143.70236161
3144.09220465
3144.48204727
3144.87188947
3145.26173124
3145.65157259
3146.04141352
3146.43125402
3146.82109410
3147.21093375
3147.60077298
3147.99061178
3148.38045016
3148.77028812
3149.16012565
3149.54996276
3149.93979945
3150.32963571
3150.71947154
3151.10930696
3151.49914195
3151.88897651
3152.27881065
3152.66864437
3153.05847766
3153.44831053
3153.83814297
3154.22797500
3154.61780659
3155.00763777
3155.39746851
3155.78729884
3156.17712874
3156.56695822
3156.95678727
3157.34661590
3157.73644410
3158.12627188
3158.51609924
3158.90592617
3159.29575268
3159.68557877
3160.07540443
3160.46522967
3160.85505448
3161.24487887
3161.63470283
3162.02452637
3162.41434949
3162.80417218
3163.19399445
3163.58381630
3163.97363772
3164.36345871
3164.75327929
3165.14309944
3165.53291916
3165.92273846
3166.31255734
3166.70237579
3167.09219382
3167.48201143
3167.87182861
3168.26164536
3168.65146170
3169.04127760
3169.43109309
3169.82090815
3170.21072279
3170.60053700
3170.99035079
3171.38016415
3171.76997709
3172.15978961
3172.54960170
3172.93941337
3173.32922462
3173.71903544
3174.10884584
3174.49865581
3174.88846536
3175.27827448
3175.66808318
3176.05789146
3176.44769931
3176.83750674
3177.22731375
3177.61712033
3178.00692648
3178.39673222
3178.78653753
3179.17634241
3179.56614687
3179.95595091
3180.34575452
3180.73555771
3181.12536048
3181.51516282
3181.90496473
3182.29476623
3182.68456730
3183.07436794
3183.46416816
3183.85396796
3184.24376733
3184.63356628
3185.02336480
3185.41316291
3185.80296058
3186.19275784
3186.58255466
3186.97235107
3187.36214705
3187.75194261
3188.14173774
3188.53153245
3188.92132673
3189.31112059
3189.70091403
3190.09070704
3190.48049963
3190.87029180
3191.26008354
3191.64987486
3192.03966575
3192.42945622
3192.81924626
3193.20903588
3193.59882508
3193.98861385
3194.37840220
3194.76819013
3195.15797763
3195.54776470
3195.93755136
3196.32733759
3196.71712339
3197.10690877
3197.49669373
3197.88647826
3198.27626237
3198.66604606
3199.05582932
3199.44561215
3199.83539457
3200.22517655
3200.61495812
3201.00473926
3201.39451998
3201.78430027
3202.17408014
3202.56385958
3202.95363860
3203.34341720
3203.73319537
3204.12297312
3204.51275045
3204.90252735
3205.29230383
3205.68207988
3206.07185551
3206.46163071
3206.85140549
3207.24117985
3207.63095378
3208.02072729
3208.41050038
3208.80027304
3209.19004527
3209.57981709
3209.96958848
3210.35935944
3210.74912998
3211.13890010
3211.52866979
3211.91843906
3212.30820791
3212.69797633
3213.08774432
3213.47751190
3213.86727905
3214.25704577
3214.64681207
3215.03657795
3215.42634340
3215.81610843
3216.20587303
3216.59563722
3216.98540097
3217.37516431
3217.76492721
3218.15468970
3218.54445176
3218.93421340
3219.32397461
3219.71373540
3220.10349576
3220.49325570
3220.88301522
3221.27277431
3221.66253298
3222.05229123
3222.44204905
3222.83180645
3223.22156342
3223.61131997
3224.00107609
3224.39083179
3224.78058707
3225.17034192
3225.56009635
3225.94985036
3226.33960394
3226.72935709
3227.11910983
3227.50886214
3227.89861402
3228.28836548
3228.67811652
3229.06786713
3229.45761732
3229.84736708
3230.23711643
3230.62686534
3231.01661384
3231.40636190
3231.79610955
3232.18585677
3232.57560357
3232.96534994
3233.35509589
3233.74484141
3234.13458651
3234.52433119
3234.91407544
3235.30381927
3235.69356268
3236.08330566
3236.47304822
3236.86279035
3237.25253206
3237.64227334
3238.03201420
3238.42175464
3238.81149465
3239.20123424
3239.59097341
3239.98071215
3240.37045046
3240.76018836
3241.14992583
3241.53966287
3241.92939949
3242.31913569
3242.70887146
3243.09860681
3243.48834174
3243.87807624
3244.26781031
3244.65754397
3245.04727719
3245.43701000
3245.82674238
3246.21647434
3246.60620587
3246.99593698
3247.38566766
3247.77539792
3248.16512776
3248.55485717
3248.94458616
3249.33431473
3249.72404287
3250.11377059
3250.50349788
3250.89322475
3251.28295119
3251.67267721
3252.06240281
3252.45212798
3252.84185273
3253.23157706
3253.62130096
3254.01102443
3254.40074749
3254.79047012
3255.18019232
3255.56991410
3255.95963546
3256.34935639
3256.73907690
3257.12879699
3257.51851665
3257.90823588
3258.29795470
3258.68767309
3259.07739105
3259.46710859
3259.85682571
3260.24654240
3260.63625867
3261.02597451
3261.41568994
3261.80540493
3262.19511951
3262.58483365
3262.97454738
3263.36426068
3263.75397356
3264.14368601
3264.53339804
3264.92310964
3265.31282082
3265.70253158
3266.09224191
3266.48195182
3266.87166131
3267.26137037
3267.65107901
3268.04078722
3268.43049501
3268.82020237
3269.20990931
3269.59961583
3269.98932192
3270.37902759
3270.76873284
3271.15843766
3271.54814205
3271.93784603
3272.32754958
3272.71725270
3273.10695540
3273.49665768
3273.88635953
3274.27606096
3274.66576197
3275.05546255
3275.44516270
3275.83486244
3276.22456174
3276.61426063
3277.00395909
3277.39365713
3277.78335474
3278.17305193
3278.56274869
3278.95244503
3279.34214095
3279.73183644
3280.12153151
3280.51122616
3280.90092038
3281.29061418
3281.68030755
3282.07000050
3282.45969302
3282.84938512
3283.23907680
3283.62876805
3284.01845888
3284.40814929
3284.79783927
3285.18752882
3285.57721796
3285.96690667
3286.35659495
3286.74628281
3287.13597025
3287.52565726
3287.91534385
3288.30503002
3288.69471576
3289.08440107
3289.47408597
3289.86377044
3290.25345448
3290.64313810
3291.03282130
3291.42250407
3291.81218642
3292.20186834
3292.59154985
3292.98123092
3293.37091157
3293.76059180
3294.15027161
3294.53995099
3294.92962995
3295.31930848
3295.70898659
3296.09866427
3296.48834153
3296.87801837
3297.26769478
3297.65737077
3298.04704634
3298.43672148
3298.82639620
3299.21607049
3299.60574436
3299.99541780
3300.38509082
3300.77476342
3301.16443559
3301.55410734
3301.94377867
3302.33344957
3302.72312004
3303.11279010
3303.50245973
3303.89212893
3304.28179771
3304.67146607
3305.06113400
3305.45080151
3305.84046859
3306.23013526
3306.61980149
3307.00946731
3307.39913269
3307.78879766
3308.17846220
3308.56812632
3308.95779001
3309.34745328
3309.73711612
3310.12677854
3310.51644054
3310.90610211
3311.29576326
3311.68542399
3312.07508429
3312.46474417
3312.85440362
3313.24406265
3313.63372125
3314.02337943
3314.41303719
3314.80269452
3315.19235143
3315.58200792
3315.97166398
3316.36131961
3316.75097483
3317.14062962
3317.53028398
3317.91993792
3318.30959144
3318.69924453
3319.08889720
3319.47854945
3319.86820127
3320.25785266
3320.64750364
3321.03715418
3321.42680431
3321.81645401
3322.20610329
3322.59575214
3322.98540057
3323.37504857
3323.76469615
3324.15434331
3324.54399004
3324.93363635
3325.32328224
3325.71292770
3326.10257274
3326.49221735
3326.88186154
3327.27150530
3327.66114864
3328.05079156
3328.44043405
3328.83007612
3329.21971777
3329.60935899
3329.99899978
3330.38864016
3330.77828011
3331.16791963
3331.55755873
3331.94719741
3332.33683566
3332.72647349
3333.11611090
3333.50574788
3333.89538443
3334.28502057
3334.67465628
3335.06429156
3335.45392642
3335.84356086
3336.23319487
3336.62282846
3337.01246162
3337.40209437
3337.79172668
3338.18135857
3338.57099004
3338.96062109
3339.35025171
3339.73988191
3340.12951168
3340.51914103
3340.90876995
3341.29839845
3341.68802653
3342.07765418
3342.46728141
3342.85690822
3343.24653460
3343.63616056
3344.02578609
3344.41541120
3344.80503588
3345.19466014
3345.58428398
3345.97390739
3346.36353038
3346.75315295
3347.14277509
3347.53239680
3347.92201810
3348.31163897
3348.70125941
3349.09087943
3349.48049903
3349.87011820
3350.25973695
3350.64935527
3351.03897318
3351.42859065
3351.81820771
3352.20782433
3352.59744054
3352.98705632
3353.37667168
3353.76628661
3354.15590112
3354.54551520
3354.93512886
3355.32474210
3355.71435491
3356.10396730
3356.49357927
3356.88319081
3357.27280193
3357.66241262
3358.05202289
3358.44163273
3358.83124215
3359.22085115
3359.61045972
3360.00006787
3360.38967560
3360.77928290
3361.16888977
3361.55849623
3361.94810226
3362.33770786
3362.72731304
3363.11691780
3363.50652213
3363.89612604
3364.28572953
3364.67533259
3365.06493522
3365.45453744
3365.84413922
3366.23374059
3366.62334153
3367.01294205
3367.40254214
3367.79214181
3368.18174105
3368.57133987
3368.96093827
3369.35053624
3369.74013379
3370.12973092
3370.51932762
3370.90892390
3371.29851975
3371.68811518
3372.07771018
3372.46730476
3372.85689892
3373.24649265
3373.63608596
3374.02567885
3374.41527131
3374.80486334
3375.19445496
3375.58404615
3375.97363691
3376.36322725
3376.75281717
3377.14240666
3377.53199573
3377.92158438
3378.31117260
3378.70076039
3379.09034777
3379.47993472
3379.86952124
3380.25910734
3380.64869302
3381.03827827
3381.42786310
3381.81744750
3382.20703149
3382.59661504
3382.98619817
3383.37578088
3383.76536317
3384.15494503
3384.54452647
3384.93410748
3385.32368807
3385.71326823
3386.10284797
3386.49242729
3386.88200618
3387.27158465
3387.66116270
3388.05074032
3388.44031752
3388.82989429
3389.21947064
3389.60904656
3389.99862206
3390.38819714
3390.77777179
3391.16734602
3391.55691983
3391.94649321
3392.33606616
3392.72563870
3393.11521081
3393.50478249
3393.89435375
3394.28392459
3394.67349500
3395.06306499
3395.45263455
3395.84220370
3396.23177241
3396.62134071
3397.01090857
3397.40047602
3397.79004304
3398.17960964
3398.56917581
3398.95874156
3399.34830688
3399.73787178
3400.12743626
3400.51700031
3400.90656394
3401.29612715
3401.68568993
3402.07525229
3402.46481422
3402.85437573
3403.24393681
3403.63349747
3404.02305771
3404.41261752
3404.80217691
3405.19173588
3405.58129442
3405.97085253
3406.36041023
3406.74996750
3407.13952434
3407.52908076
3407.91863676
3408.30819233
3408.69774748
3409.08730221
3409.47685651
3409.86641038
3410.25596384
3410.64551686
3411.03506947
3411.42462165
3411.81417341
3412.20372474
3412.59327565
3412.98282613
3413.37237619
3413.76192583
3414.15147504
3414.54102383
3414.93057220
3415.32012014
3415.70966766
3416.09921475
3416.48876142
3416.87830766
3417.26785348
3417.65739888
3418.04694385
3418.43648840
3418.82603253
3419.21557623
3419.60511950
3419.99466236
3420.38420479
3420.77374679
3421.16328837
3421.55282953
3421.94237026
3422.33191057
3422.72145046
3423.11098992
3423.50052895
3423.89006757
3424.27960575
3424.66914352
3425.05868086
3425.44821778
3425.83775427
3426.22729034
3426.61682598
3427.00636121
3427.39589600
3427.78543037
3428.17496432
3428.56449785
3428.95403095
3429.34356363
3429.73309588
3430.12262771
3430.51215911
3430.90169009
3431.29122065
3431.68075078
3432.07028049
3432.45980978
3432.84933864
3433.23886707
3433.62839509
3434.01792268
3434.40744984
3434.79697658
3435.18650290
3435.57602879
3435.96555426
3436.35507931
3436.74460393
3437.13412812
3437.52365190
3437.91317525
3438.30269817
3438.69222067
3439.08174275
3439.47126440
3439.86078563
3440.25030643
3440.63982682
3441.02934677
3441.41886631
3441.80838541
3442.19790410
3442.58742236
3442.97694020
3443.36645761
3443.75597460
3444.14549116
3444.53500730
3444.92452302
3445.31403831
3445.70355318
3446.09306763
3446.48258165
3446.87209525
3447.26160842
3447.65112117
3448.04063349
3448.43014539
3448.81965687
3449.20916792
3449.59867855
3449.98818876
3450.37769854
3450.76720789
3451.15671683
3451.54622534
3451.93573342
3452.32524108
3452.71474832
3453.10425513
3453.49376152
3453.88326748
3454.27277303
3454.66227814
3455.05178284
3455.44128710
3455.83079095
3456.22029437
3456.60979737
3456.99929994
3457.38880209
3457.77830381
3458.16780511
3458.55730599
3458.94680644
3459.33630647
3459.72580608
3460.11530526
3460.50480402
3460.89430235
3461.28380026
3461.67329774
3462.06279480
3462.45229144
3462.84178765
3463.23128344
3463.62077881
3464.01027375
3464.39976826
3464.78926236
3465.17875603
3465.56824927
3465.95774209
3466.34723449
3466.73672646
3467.12621801
3467.51570914
3467.90519984
3468.29469011
3468.68417997
3469.07366939
3469.46315840
3469.85264698
3470.24213514
3470.63162287
3471.02111018
3471.41059706
3471.80008352
3472.18956956
3472.57905517
3472.96854036
3473.35802513
3473.74750947
3474.13699339
3474.52647688
3474.91595995
3475.30544259
3475.69492481
3476.08440661
3476.47388798
3476.86336893
3477.25284946
3477.64232956
3478.03180923
3478.42128849
3478.81076732
3479.20024572
3479.58972370
3479.97920126
3480.36867839
3480.75815510
3481.14763139
3481.53710725
3481.92658268
3482.31605770
3482.70553229
3483.09500645
3483.48448019
3483.87395351
3484.26342640
3484.65289887
3485.04237091
3485.43184254
3485.82131373
3486.21078450
3486.60025485
3486.98972478
3487.37919428
3487.76866336
3488.15813201
3488.54760024
3488.93706804
3489.32653542
3489.71600238
3490.10546891
3490.49493502
3490.88440071
3491.27386597
3491.66333081
3492.05279522
3492.44225921
3492.83172277
3493.22118591
3493.61064863
3494.00011092
3494.38957279
3494.77903424
3495.16849526
3495.55795585
3495.94741603
3496.33687578
3496.72633510
3497.11579400
3497.50525248
3497.89471053
3498.28416816
3498.67362536
3499.06308215
3499.45253850
3499.84199444
3500.23144994
3500.62090503
3501.01035969
3501.39981393
3501.78926774
3502.17872113
3502.56817409
3502.95762663
3503.34707875
3503.73653044
3504.12598171
3504.51543256
3504.90488298
3505.29433298
3505.68378255
3506.07323170
3506.46268042
3506.85212872
3507.24157660
3507.63102405
3508.02047108
3508.40991769
3508.79936387
3509.18880962
3509.57825496
3509.96769987
3510.35714435
3510.74658841
3511.13603205
3511.52547526
3511.91491805
3512.30436041
3512.69380236
3513.08324387
3513.47268497
3513.86212563
3514.25156588
3514.64100570
3515.03044510
3515.41988407
3515.80932262
3516.19876074
3516.58819844
3516.97763572
3517.36707257
3517.75650900
3518.14594501
3518.53538059
3518.92481575
3519.31425048
3519.70368479
3520.09311867
3520.48255213
3520.87198517
3521.26141778
3521.65084997
3522.04028174
3522.42971308
3522.81914399
3523.20857449
3523.59800456
3523.98743420
3524.37686342
3524.76629222
3525.15572059
3525.54514854
3525.93457607
3526.32400317
3526.71342984
3527.10285610
3527.49228192
3527.88170733
3528.27113231
3528.66055687
3529.04998100
3529.43940471
3529.82882799
3530.21825085
3530.60767329
3530.99709530
3531.38651689
3531.77593806
3532.16535880
3532.55477912
3532.94419901
3533.33361848
3533.72303752
3534.11245614
3534.50187434
3534.89129211
3535.28070946
3535.67012639
3536.05954289
3536.44895896
3536.83837462
3537.22778985
3537.61720465
3538.00661903
3538.39603299
3538.78544652
3539.17485963
3539.56427232
3539.95368458
3540.34309641
3540.73250783
3541.12191882
3541.51132938
3541.90073952
3542.29014924
3542.67955853
3543.06896740
3543.45837584
3543.84778387
3544.23719146
3544.62659863
3545.01600538
3545.40541171
3545.79481761
3546.18422309
3546.57362814
3546.96303277
3547.35243697
3547.74184075
3548.13124411
3548.52064704
3548.91004955
3549.29945164
3549.68885330
3550.07825454
3550.46765535
3550.85705574
3551.24645570
3551.63585524
3552.02525436
3552.41465305
3552.80405132
3553.19344917
3553.58284659
3553.97224358
3554.36164016
3554.75103631
3555.14043203
3555.52982733
3555.91922221
3556.30861666
3556.69801069
3557.08740429
3557.47679748
3557.86619023
3558.25558257
3558.64497447
3559.03436596
3559.42375702
3559.81314766
3560.20253787
3560.59192766
3560.98131702
3561.37070596
3561.76009448
3562.14948257
3562.53887024
3562.92825749
3563.31764431
3563.70703071
3564.09641668
3564.48580223
3564.87518735
3565.26457205
3565.65395633
3566.04334018
3566.43272361
3566.82210662
3567.21148920
3567.60087135
3567.99025309
3568.37963440
3568.76901528
3569.15839574
3569.54777578
3569.93715539
3570.32653458
3570.71591334
3571.10529169
3571.49466960
3571.88404710
3572.27342416
3572.66280081
3573.05217703
3573.44155283
3573.83092820
3574.22030315
3574.60967767
3574.99905177
3575.38842545
3575.77779870
3576.16717153
3576.55654394
3576.94591592
3577.33528748
3577.72465861
3578.11402932
3578.50339960
3578.89276946
3579.28213890
3579.67150791
3580.06087650
3580.45024467
3580.83961241
3581.22897972
3581.61834662
3582.00771309
3582.39707913
3582.78644475
3583.17580995
3583.56517472
3583.95453907
3584.34390300
3584.73326650
3585.12262957
3585.51199223
3585.90135445
3586.29071626
3586.68007764
3587.06943860
3587.45879913
3587.84815924
3588.23751892
3588.62687818
3589.38899495
3589.77694012
3590.16488520
3590.55283020
3590.94077511
3591.32871995
3591.71666470
3592.10460937
3592.49255395
3592.88049845
3593.26844287
3593.65638721
3594.04433146
3594.43227563
3594.82021972
3595.20816373
3595.59610765
3595.98405149
3596.37199525
3596.75993892
3597.14788252
3597.53582602
3597.92376945
3598.31171279
3598.69965605
3599.08759923
3599.47554233
3599.86348534
3600.25142827
3600.63937111
3601.02731388
3601.41525656
3601.80319916
3602.19114167
3602.57908410
3602.96702645
3603.35496872
3603.74291091
3604.13085301
3604.51879502
3604.90673696
3605.29467881
3605.68262058
3606.07056227
3606.45850387
3606.84644540
3607.23438684
3607.62232819
3608.01026946
3608.39821066
3608.78615176
3609.17409279
3609.56203373
3609.94997459
3610.33791537
3610.72585606
3611.11379667
3611.50173720
3611.88967764
3612.27761801
3612.66555829
3613.05349848
3613.44143860
3613.82937863
3614.21731858
3614.60525844
3614.99319822
3615.38113792
3615.76907754
3616.15701708
3616.54495653
3616.93289590
3617.32083518
3617.70877439
3618.09671351
3618.48465254
3618.87259150
3619.26053037
3619.64846916
3620.03640787
3620.42434649
3620.81228503
3621.20022349
3621.58816186
3621.97610016
3622.36403837
3622.75197649
3623.13991454
3623.52785250
3623.91579038
3624.30372817
3624.69166589
3625.07960352
3625.46754106
3625.85547853
3626.24341591
3626.63135321
3627.01929042
3627.40722756
3627.79516461
3628.18310158
3628.57103846
3628.95897526
3629.34691198
3629.73484862
3630.12278517
3630.51072164
3630.89865803
3631.28659434
3631.67453056
3632.06246670
3632.45040276
3632.83833873
3633.22627462
3633.61421043
3634.00214615
3634.39008180
3634.77801736
3635.16595283
3635.55388823
3635.94182354
3636.32975877
3636.71769392
3637.10562898
3637.49356396
3637.88149886
3638.26943367
3638.65736840
3639.04530305
3639.43323762
3639.82117210
3640.20910650
3640.59704082
3640.98497506
3641.37290921
3641.76084328
3642.14877727
3642.53671117
3642.92464499
3643.31257873
3643.70051239
3644.08844596
3644.47637945
3644.86431286
3645.25224618
3645.64017942
3646.02811258
3646.41604566
3646.80397865
3647.19191156
3647.57984439
3647.96777713
3648.35570980
3648.74364237
3649.13157487
3649.51950728
3649.90743962
3650.29537186
3650.68330403
3651.07123611
3651.45916811
3651.84710003
3652.23503186
3652.62296361
3653.01089528
3653.39882687
3653.78675837
3654.17468979
3654.56262113
3654.95055238
3655.33848355
3655.72641464
3656.11434565
3656.50227657
3656.89020741
3657.27813817
3657.66606884
3658.05399944
3658.44192995
3658.82986037
3659.21779072
3659.60572098
3659.99365116
3660.38158125
3660.76951126
3661.15744119
3661.54537104
3661.93330080
3662.32123048
3662.70916008
3663.09708960
3663.48501903
3663.87294838
3664.26087765
3664.64880683
3665.03673593
3665.42466495
3665.81259389
3666.20052274
3666.58845151
3666.97638020
3667.36430881
3667.75223733
3668.14016577
3668.52809412
3668.91602240
3669.30395059
3669.69187870
3670.07980672
3670.46773466
3670.85566252
3671.24359030
3671.63151799
3672.01944561
3672.40737313
3672.79530058
3673.18322794
3673.57115522
3673.95908242
3674.34700953
3674.73493657
3675.12286352
3675.51079038
3675.89871716
3676.28664386
3676.67457048
3677.06249702
3677.45042347
3677.83834984
3678.22627613
3678.61420233
3679.00212845
3679.39005449
3679.77798044
3680.16590632
3680.55383211
3680.94175781
3681.32968344
3681.71760898
3682.10553444
3682.49345981
3682.88138510
3683.26931031
3683.65723544
3684.04516049
3684.43308545
3684.82101033
3685.20893512
3685.59685984
3685.98478447
3686.37270901
3686.76063348
3687.14855786
3687.53648216
3687.92440638
3688.31233051
3688.70025456
3689.08817853
3689.47610241
3689.86402622
3690.25194994
3690.63987357
3691.02779713
3691.41572060
3691.80364399
3692.19156729
3692.57949052
3692.96741366
3693.35533671
3693.74325969
3694.13118258
3694.51910539
3694.90702811
3695.29495076
3695.68287332
3696.07079580
3696.45871819
3696.84664050
3697.23456273
3697.62248488
3698.01040694
3698.39832892
3698.78625082
3699.17417264
3699.56209437
3699.95001602
3700.33793758
3700.72585907
3701.11378047
3701.50170179
3701.88962302
3702.27754418
3702.66546525
3703.05338623
3703.44130714
3703.82922796
3704.21714870
3704.60506936
3704.99298993
3705.38091042
3705.76883083
3706.15675115
3706.54467139
3706.93259155
3707.32051163
3707.70843162
3708.09635153
3708.48427136
3708.87219111
3709.26011077
3709.64803035
3710.03594985
3710.42386926
3710.81178859
3711.19970784
3711.58762701
3711.97554609
3712.36346509
3712.75138401
3713.13930284
3713.52722159
3713.91514026
3714.30305885
3714.69097735
3715.07889577
3715.46681411
3715.85473236
3716.24265054
3716.63056862
3717.01848663
3717.40640455
3717.79432240
3718.18224015
3718.57015783
3718.95807542
3719.34599293
3719.73391036
3720.12182770
3720.50974496
3720.89766214
3721.28557924
3721.67349625
3722.06141318
3722.44933003
3722.83724679
3723.22516347
3723.61308007
3724.00099659
3724.38891302
3724.77682937
3725.16474564
3725.55266182
3725.94057793
3726.32849395
3726.71640988
3727.10432574
3727.49224151
3727.88015719
3728.26807280
3728.65598832
3729.04390376
3729.43181912
3729.81973439
3730.20764958
3730.59556469
3730.98347972
3731.37139466
3731.75930952
3732.14722430
3732.53513899
3732.92305360
3733.31096813
3733.69888258
3734.08679694
3734.47471122
3734.86262542
3735.25053954
3735.63845357
3736.02636752
3736.41428138
3736.80219517
3737.19010887
3737.57802249
3737.96593602
3738.35384947
3738.74176284
3739.12967613
3739.51758933
3739.90550246
3740.29341549
3740.68132845
3741.06924132
3741.45715411
3741.84506682
3742.23297944
3742.62089199
3743.00880444
3743.39671682
3743.78462911
3744.17254132
3744.56045345
3744.94836550
3745.33627746
3745.72418934
3746.11210113
3746.50001285
3746.88792448
3747.27583603
3747.66374749
3748.05165888
3748.43957017
3748.82748139
3749.21539253
3749.60330358
3749.99121455
3750.37912543
3750.76703623
3751.15494695
3751.54285759
3751.93076815
3752.31867862
3752.70658901
3753.09449931
3753.48240954
3753.87031968
3754.25822973
3754.64613971
3755.03404960
3755.42195941
3755.80986914
3756.19777878
3756.58568834
3756.97359782
3757.36150721
3757.74941653
3758.13732576
3758.52523490
3758.91314397
3759.30105295
3759.68896185
3760.07687066
3760.46477940
3760.85268805
3761.24059661
3761.62850510
3762.01641350
3762.40432182
3762.79223005
3763.18013821
3763.56804628
3763.95595427
3764.34386217
3764.73176999
3765.11967773
3765.50758539
3765.89549296
3766.28340045
3766.67130786
3767.05921519
3767.44712243
3767.83502959
3768.22293666
3768.61084366
3768.99875057
3769.38665740
3769.77456414
3770.16247081
3770.55037739
3770.93828388
3771.32619030
3771.71409663
3772.10200288
3772.48990905
3772.87781513
3773.26572113
3773.65362705
3774.04153288
3774.42943863
3774.81734430
3775.20524989
3775.59315539
3775.98106081
3776.36896615
3776.75687141
3777.14477658
3777.53268167
3777.92058668
3778.30849160
3778.69639644
3779.08430120
3779.47220588
3779.86011047
3780.24801498
3780.63591941
3781.02382375
3781.41172801
3781.79963219
3782.18753629
3782.57544030
3782.96334423
3783.35124808
3783.73915184
3784.12705552
3784.51495912
3784.90286264
3785.29076607
3785.67866942
3786.06657269
3786.45447588
3786.84237898
3787.23028200
3787.61818494
3788.00608779
3788.39399056
3788.78189325
3789.16979586
3789.55769838
3789.94560082
3790.33350318
3790.72140545
3791.10930764
3791.49720975
3791.88511178
3792.27301372
3792.66091558
3793.04881736
3793.43671905
3793.82462067
3794.21252220
3794.60042364
3794.98832501
3795.37622629
3795.76412748
3796.15202860
3796.53992963
3796.92783058
3797.31573145
3797.70363223
3798.09153293
3798.47943355
3798.86733409
3799.25523454
3799.64313491
3800.03103520
3800.41893540
3800.80683552
3801.19473556
3801.58263552
3801.97053539
3802.35843518
3802.74633489
3803.13423452
3803.52213406
3803.91003352
3804.29793289
3804.68583219
3805.07373140
3805.46163053
3805.84952957
3806.23742853
3806.62532741
3807.01322621
3807.40112492
3807.78902356
3808.17692210
3808.56482057
3808.95271895
3809.34061725
3809.72851547
3810.11641360
3810.50431166
3810.89220962
3811.28010751
3811.66800531
3812.05590303
3812.44380067
3812.83169823
3813.21959570
3813.60749309
3813.99539039
3814.38328762
3814.77118476
3815.15908182
3815.54697879
3815.93487568
3816.32277249
3816.71066922
3817.09856587
3817.48646243
3817.87435891
3818.26225530
3818.65015161
3819.03804784
3819.42594399
3819.81384006
3820.20173604
3820.58963194
3820.97752775
3821.36542349
3821.75331914
3822.14121470
3822.52911019
3822.91700559
3823.30490091
3823.69279615
3824.08069130
3824.46858637
3824.85648136
3825.24437626
3825.63227109
3826.02016583
3826.40806048
3826.79595506
3827.18384955
3827.57174396
3827.95963828
3828.34753253
3828.73542669
3829.12332076
3829.51121476
3829.89910867
3830.28700250
3830.67489624
3831.06278991
3831.45068349
3831.83857698
3832.22647040
3832.61436373
3833.00225698
3833.39015015
3833.77804323
3834.16593623
3834.55382915
3834.94172199
3835.32961474
3835.71750741
3836.10539999
3836.49329250
3836.88118492
3837.26907726
3837.65696951
3838.04486169
3838.43275378
3838.82064578
3839.20853771
3839.59642955
3839.98432131
3840.37221298
3840.76010458
3841.14799609
3841.53588752
3841.92377886
3842.31167012
3842.69956130
3843.08745240
3843.47534341
3843.86323434
3844.25112519
3844.63901596
3845.02690664
3845.41479724
3845.80268776
3846.19057819
3846.57846854
3846.96635881
3847.35424900
3847.74213910
3848.13002912
3848.51791906
3848.90580891
3849.29369868
3849.68158837
3850.06947798
3850.45736750
3850.84525694
3851.23314630
3851.62103557
3852.00892476
3852.39681387
3852.78470290
3853.17259184
3853.56048070
3853.94836948
3854.33625818
3854.72414679
3855.11203532
3855.49992377
3855.88781213
3856.27570041
3856.66358861
3857.05147673
3857.43936476
3857.82725271
3858.21514058
3858.60302836
3858.99091606
3859.37880368
3859.76669122
3860.15457867
3860.54246604
3860.93035333
3861.31824053
3861.70612766
3862.09401470
3862.48190165
3862.86978853
3863.25767532
3863.64556202
3864.03344865
3864.42133519
3864.80922165
3865.19710803
3865.58499432
3865.97288053
3866.36076666
3866.74865271
3867.13653867
3867.52442455
3867.91231035
3868.30019606
3868.68808169
3869.07596724
3869.46385271
3869.85173809
3870.23962339
3870.62750861
3871.01539375
3871.40327880
3871.79116377
3872.17904865
3872.56693346
3872.95481818
3873.34270282
3873.73058737
3874.11847184
3874.50635623
3874.89424054
3875.28212476
3875.67000891
3876.05789296
3876.44577694
3876.83366083
3877.22154464
3877.60942837
3877.99731201
3878.38519558
3878.77307905
3879.16096245
3879.54884576
3879.93672899
3880.32461214
3880.71249521
3881.10037819
3881.48826109
3881.87614390
3882.26402664
3882.65190929
3883.03979186
3883.42767434
3883.81555674
3884.20343906
3884.59132130
3884.97920346
3885.36708553
3885.75496751
3886.14284942
3886.53073124
3886.91861298
3887.30649464
3887.69437622
3888.08225771
3888.47013912
3888.85802044
3889.24590169
3889.63378285
3890.02166392
3890.40954492
3890.79742583
3891.18530666
3891.57318741
3891.96106807
3892.34894865
3892.73682915
3893.12470956
3893.51258990
3893.90047015
3894.28835031
3894.67623040
3895.06411040
3895.45199032
3895.83987015
3896.22774990
3896.61562957
3897.00350916
3897.39138867
3897.77926809
3898.16714743
3898.55502668
3898.94290586
3899.33078495
3899.71866395
3900.10654288
3900.49442172
3900.88230048
3901.27017916
3901.65805775
3902.04593626
3902.43381469
3902.82169303
3903.20957130
3903.59744948
3903.98532757
3904.37320559
3904.76108352
3905.14896137
3905.53683913
3905.92471682
3906.31259442
3906.70047193
3907.08834937
3907.47622672
3907.86410399
3908.25198117
3908.63985828
3909.02773530
3909.41561224
3909.80348909
3910.19136586
3910.57924255
3910.96711916
3911.35499568
3911.74287212
3912.13074848
3912.51862476
3912.90650095
3913.29437706
3913.68225309
3914.07012903
3914.45800489
3914.84588067
3915.23375636
3915.62163198
3916.00950751
3916.39738295
3916.78525832
3917.17313360
3917.56100880
3917.94888392
3918.33675895
3918.72463390
3919.11250877
3919.50038355
3919.88825825
3920.27613287
3920.66400741
3921.05188186
3921.43975623
3921.82763052
3922.21550473
3922.60337885
3922.99125289
3923.37912685
3923.76700072
3924.15487451
3924.54274822
3924.93062185
3925.31849539
3925.70636885
3926.09424223
3926.48211552
3926.86998873
3927.25786186
3927.64573491
3928.03360787
3928.42148075
3928.80935355
3929.19722626
3929.58509890
3929.97297144
3930.36084391
3930.74871629
3931.13658860
3931.52446081
3931.91233295
3932.30020500
3932.68807697
3933.07594886
3933.46382066
3933.85169238
3934.23956402
3934.62743558
3935.01530705
3935.40317844
3935.79104975
3936.17892097
3936.56679211
3936.95466317
3937.34253415
3937.73040504
3938.11827585
3938.50614658
3938.89401722
3939.28188779
3939.66975827
3940.05762866
3940.44549898
3940.83336921
3941.22123936
3941.60910942
3941.99697940
3942.38484930
3942.77271912
3943.16058885
3943.54845850
3943.93632807
3944.32419756
3944.71206696
3945.09993628
3945.48780552
3945.87567467
3946.26354375
3946.65141273
3947.03928164
3947.42715046
3947.81501920
3948.20288786
3948.59075644
3948.97862493
3949.36649334
3949.75436166
3950.14222991
3950.53009807
3950.91796615
3951.30583414
3951.69370205
3952.08156988
3952.46943763
3952.85730529
3953.24517288
3953.63304037
3954.02090779
3954.40877512
3954.79664237
3955.18450954
3955.57237662
3955.96024363
3956.34811055
3956.73597738
3957.12384413
3957.51171081
3957.89957739
3958.28744390
3958.67531032
3959.06317666
3959.45104292
3959.83890909
3960.22677518
3960.61464119
3961.00250711
3961.39037296
3961.77823872
3962.16610439
3962.55396999
3962.94183550
3963.32970093
3963.71756627
3964.10543153
3964.49329671
3964.88116181
3965.26902683
3965.65689176
3966.04475661
3966.43262137
3966.82048606
3967.20835066
3967.59621517
3967.98407961
3968.37194396
3968.75980823
3969.14767242
3969.53553652
3969.92340054
3970.31126448
3970.69912833
3971.08699211
3971.47485580
3971.86271940
3972.25058293
3972.63844637
3973.02630973
3973.41417300
3973.80203620
3974.18989931
3974.57776233
3974.96562528
3975.35348814
3975.74135092
3976.12921361
3976.51707623
3976.90493876
3977.29280121
3977.68066357
3978.06852585
3978.45638805
3978.84425017
3979.23211220
3979.61997415
3980.00783602
3980.39569781
3980.78355951
3981.17142113
3981.55928267
3981.94714412
3982.33500549
3982.72286678
3983.11072798
3983.49858911
3983.88645015
3984.27431110
3984.66217198
3985.05003277
3985.43789348
3985.82575411
3986.21361465
3986.60147511
3986.98933549
3987.37719578
3987.76505599
3988.15291612
3988.54077617
3988.92863613
3989.31649601
3989.70435581
3990.09221553
3990.48007516
3990.86793471
3991.25579418
3991.64365356
3992.03151286
3992.41937208
3992.80723122
3993.19509027
3993.58294924
3993.97080813
3994.35866693
3994.74652565
3995.13438429
3995.52224285
3995.91010132
3996.29795971
3996.68581802
3997.07367624
3997.46153439
3997.84939244
3998.23725042
3998.62510831
3999.01296613
3999.40082385
3999.78868150
4000.17653906
4000.56439654
4000.95225394
4001.34011125
4001.72796848
4002.11582563
4002.50368270
4002.89153968
4003.27939658
4003.66725340
4004.05511013
4004.44296678
4004.83082335
4005.21867984
4005.60653624
4005.99439256
4006.38224880
4006.77010495
4007.15796103
4007.54581702
4007.93367292
4008.32152875
4008.70938449
4009.09724014
4009.48509572
4009.87295121
4010.26080662
4010.64866195
4011.03651719
4011.42437235
4011.81222743
4012.20008243
4012.58793734
4012.97579217
4013.36364692
4013.75150158
4014.13935616
4014.52721066
4014.91506508
4015.30291941
4015.69077366
4016.07862783
4016.46648192
4016.85433592
4017.24218984
4017.63004367
4018.01789743
4018.40575110
4018.79360469
4019.18145819
4019.56931161
4019.95716495
4020.34501821
4020.73287138
4021.12072448
4021.50857748
4021.89643041
4022.28428325
4022.67213601
4023.05998869
4023.44784128
4023.83569380
4024.22354623
4024.61139857
4024.99925083
4025.38710301
4025.77495511
4026.16280713
4026.55065906
4026.93851091
4027.32636268
4027.71421436
4028.10206596
4028.48991748
4028.87776891
4029.26562027
4029.65347154
4030.04132272
4030.42917383
4030.81702485
4031.20487579
4031.59272664
4031.98057741
4032.36842810
4032.75627871
4033.14412924
4033.53197968
4033.91983004
4034.30768031
4034.69553051
4035.08338062
4035.47123064
4035.85908059
4036.24693045
4036.63478023
4037.02262993
4037.41047954
4037.79832907
4038.18617852
4038.57402788
4038.96187717
4039.34972637
4039.73757548
4040.12542452
4040.51327347
4040.90112234
4041.28897112
4041.67681983
4042.06466845
4042.45251698
4042.84036544
4043.22821381
4043.61606210
4044.00391030
4044.39175843
4044.77960647
4045.16745443
4045.55530230
4045.94315009
4046.33099780
4046.71884543
4047.10669297
4047.49454043
4047.88238781
4048.27023511
4048.65808232
4049.04592945
4049.43377649
4049.82162346
4050.20947034
4050.59731714
4050.98516385
4051.37301049
4051.76085704
4052.14870350
4052.53654989
4052.92439619
4053.31224241
4053.70008855
4054.08793460
4054.47578057
4054.86362646
4055.25147226
4055.63931798
4056.02716362
4056.41500918
4056.80285465
4057.19070004
4057.57854535
4057.96639058
4058.35423572
4058.74208078
4059.12992576
4059.51777065
4059.90561546
4060.29346019
4060.68130484
4061.06914940
4061.45699388
4061.84483828
4062.23268259
4062.62052682
4063.00837097
4063.39621504
4063.78405902
4064.17190292
4064.55974674
4064.94759047
4065.33543413
4065.72327769
4066.11112118
4066.49896458
4066.88680791
4067.27465114
4067.66249430
4068.05033737
4068.43818036
4068.82602327
4069.21386609
4069.60170883
4069.98955149
4070.37739407
4070.76523656
4071.15307897
4071.54092130
4071.92876354
4072.31660570
4072.70444778
4073.09228978
4073.48013169
4073.86797352
4074.25581527
4074.64365693
4075.03149852
4075.41934002
4075.80718143
4076.19502277
4076.58286402
4076.97070518
4077.35854627
4077.74638727
4078.13422819
4078.52206903
4078.90990978
4079.29775045
4079.68559104
4080.07343155
4080.46127197
4080.84911231
4081.23695257
4081.62479274
4082.01263283
4082.40047284
4082.78831277
4083.17615261
4083.56399237
4083.95183205
4084.33967165
4084.72751116
4085.11535059
4085.50318993
4085.89102920
4086.27886838
4086.66670748
4087.05454649
4087.44238542
4087.83022427
4088.21806304
4088.60590172
4088.99374033
4089.38157884
4089.76941728
4090.15725563
4090.54509390
4090.93293209
4091.32077019
4091.70860822
4092.09644615
4092.48428401
4092.87212178
4093.25995947
4093.64779708
4094.03563461
4094.42347205
4094.81130941
4095.19914668
4095.58698388
4095.97482099
4096.36265802
4096.75049496
4097.13833183
4097.52616860
4097.91400530
4098.30184192
4098.68967845
4099.07751490
4099.46535126
4099.85318754
4100.24102374
4100.62885986
4101.01669590
4101.40453185
4101.79236772
4102.18020350
4102.56803921
4102.95587483
4103.34371036
4103.73154582
4104.11938119
4104.50721648
4104.89505169
4105.28288681
4105.67072185
4106.05855681
4106.44639168
4106.83422648
4107.22206119
4107.60989581
4107.99773036
4108.38556482
4108.77339920
4109.16123349
4109.54906771
4109.93690184
4110.32473588
4110.71256985
4111.10040373
4111.48823753
4111.87607124
4112.26390488
4112.65173843
4113.03957190
4113.42740528
4113.81523858
4114.20307180
4114.59090494
4114.97873799
4115.36657096
4115.75440385
4116.14223666
4116.53006938
4116.91790202
4117.30573457
4117.69356705
4118.08139944
4118.46923175
4118.85706397
4119.24489612
4119.63272818
4120.02056015
4120.40839205
4120.79622386
4121.18405559
4121.57188724
4121.95971880
4122.34755028
4122.73538168
4123.12321299
4123.51104422
4123.89887537
4124.28670644
4124.67453742
4125.06236832
4125.45019914
4125.83802988
4126.22586053
4126.61369110
4127.00152159
4127.38935199
4127.77718231
4128.16501255
4128.55284271
4128.94067278
4129.32850277
4129.71633268
4130.10416250
4130.49199224
4130.87982190
4131.26765148
4131.65548097
4132.04331038
4132.43113971
4132.81896895
4133.20679811
4133.59462719
4133.98245619
4134.37028510
4134.75811393
4135.14594268
4135.53377135
4135.92159993
4136.30942843
4136.69725685
4137.08508518
4137.47291343
4137.86074160
4138.24856969
4138.63639769
4139.02422561
4139.41205345
4139.79988120
4140.18770887
4140.57553646
4140.96336397
4141.35119139
4141.73901873
4142.12684599
4142.51467316
4142.90250026
4143.29032727
4143.67815419
4144.06598104
4144.45380780
4144.84163447
4145.22946107
4145.61728758
4146.00511401
4146.39294036
4146.78076662
4147.16859280
4147.55641890
4147.94424492
4148.33207085
4148.71989670
4149.10772247
4149.49554815
4149.88337375
4150.27119927
4150.65902471
4151.04685006
4151.43467533
4151.82250052
4152.21032563
4152.59815065
4152.98597559
4153.37380044
4153.76162522
4154.14944991
4154.53727452
4154.92509904
4155.31292348
4155.70074784
4156.08857212
4156.47639631
4156.86422043
4157.25204445
4157.63986840
4158.02769226
4158.41551604
4158.80333974
4159.19116335
4159.57898689
4159.96681033
4160.35463370
4160.74245698
4161.13028018
4161.51810330
4161.90592634
4162.29374929
4162.68157216
4163.06939494
4163.45721765
4163.84504027
4164.23286281
4164.62068526
4165.00850763
4165.39632992
4165.78415213
4166.17197426
4166.55979630
4166.94761826
4167.33544013
4167.72326192
4168.11108363
4168.49890526
4168.88672681
4169.27454827
4169.66236965
4170.05019094
4170.43801216
4170.82583329
4171.21365433
4171.60147530
4171.98929618
4172.37711698
4172.76493770
4173.15275833
4173.54057888
4173.92839935
4174.31621973
4174.70404004
4175.09186026
4175.47968039
4175.86750045
4176.25532042
4176.64314031
4177.03096011
4177.41877984
4177.80659948
4178.19441903
4178.58223851
4178.97005790
4179.35787721
4179.74569643
4180.13351558
4180.52133464
4180.90915361
4181.29697251
4181.68479132
4182.07261005
4182.46042870
4182.84824726
4183.23606574
4183.62388414
4184.01170246
4184.39952069
4184.78733884
4185.17515690
4185.56297489
4185.95079279
4186.33861061
4186.72642834
4187.11424600
4187.50206357
4187.88988105
4188.27769846
4188.66551578
4189.05333302
4189.44115017
4189.82896725
4190.21678424
4190.60460115
4190.99241797
4191.38023471
4191.76805137
4192.15586795
4192.54368444
4192.93150085
4193.31931718
4193.70713343
4194.09494959
4194.48276567
4194.87058167
4195.25839758
4195.64621341
4196.03402916
4196.42184483
4196.80966041
4197.19747591
4197.58529133
4197.97310666
4198.36092191
4198.74873708
4199.13655217
4199.52436717
4199.91218209
4200.29999693
4200.68781168
4201.07562635
4201.46344094
4201.85125545
4202.23906987
4202.62688421
4203.01469847
4203.40251265
4203.79032674
4204.17814075
4204.56595468
4204.95376852
4205.34158228
4205.72939596
4206.11720956
4206.50502307
4206.89283650
4207.28064985
4207.66846311
4208.05627629
4208.44408939
4208.83190241
4209.21971534
4209.60752819
4209.99534096
4210.38315364
4210.77096625
4211.15877877
4211.54659120
4211.93440356
4212.32221583
4212.71002801
4213.09784012
4213.48565214
4213.87346408
4214.26127594
4214.64908771
4215.03689940
4215.42471101
4215.81252254
4216.20033398
4216.58814534
4216.97595662
4217.36376781
4217.75157892
4218.13938995
4218.52720090
4218.91501176
4219.30282254
4219.69063324
4220.07844386
4220.46625439
4220.85406484
4221.24187520
4221.62968549
4222.01749569
4222.40530581
4222.79311584
4223.18092579
4223.56873566
4223.95654545
4224.34435515
4224.73216478
4225.11997431
4225.50778377
4225.89559314
4226.28340243
4226.67121164
4227.05902076
4227.44682981
4227.83463876
4228.22244764
4228.61025643
4228.99806514
4229.38587377
4229.77368232
4230.16149078
4230.54929916
4230.93710745
4231.32491567
4231.71272380
4232.10053185
4232.48833981
4232.87614769
4233.26395549
4233.65176321
4234.03957085
4234.42737840
4234.81518586
4235.20299325
4235.59080055
4235.97860777
4236.36641491
4236.75422197
4237.14202894
4237.52983583
4237.91764263
4238.30544936
4238.69325600
4239.08106255
4239.46886903
4239.85667542
4240.24448173
4240.63228796
4241.02009410
4241.40790016
4241.79570614
4242.18351203
4242.57131785
4242.95912358
4243.34692922
4243.73473479
4244.12254027
4244.51034567
4244.89815098
4245.28595621
4245.67376136
4246.06156643
4246.44937142
4246.83717632
4247.22498114
4247.61278587
4248.00059053
4248.38839510
4248.77619958
4249.16400399
4249.55180831
4249.93961255
4250.32741671
4250.71522078
4251.10302477
4251.49082868
4251.87863251
4252.26643625
4252.65423991
4253.04204348
4253.42984698
4253.81765039
4254.20545372
4254.59325696
4254.98106013
4255.36886321
4255.75666620
4256.14446912
4256.53227195
4256.92007470
4257.30787736
4257.69567995
4258.08348245
4258.47128487
4258.85908720
4259.24688945
4259.63469162
4260.02249371
4260.41029571
4260.79809763
4261.18589947
4261.57370123
4261.96150290
4262.34930449
4262.73710600
4263.12490742
4263.51270876
4263.90051002
4264.28831119
4264.67611229
4265.06391330
4265.45171422
4265.83951507
4266.22731583
4266.61511651
4267.00291711
4267.39071762
4267.77851805
4268.16631840
4268.55411866
4268.94191884
4269.32971894
4269.71751896
4270.10531889
4270.49311874
4270.88091851
4271.26871820
4271.65651780
4272.04431732
4272.43211676
4272.81991611
4273.20771538
4273.59551457
4273.98331368
4274.37111270
4274.75891164
4275.14671050
4275.53450927
4275.92230796
4276.31010657
4276.69790510
4277.08570354
4277.47350190
4277.86130018
4278.24909837
4278.63689649
4279.02469451
4279.41249246
4279.80029033
4280.18808811
4280.57588580
4280.96368342
4281.35148095
4281.73927840
4282.12707577
4282.51487305
4282.90267025
4283.29046737
4283.67826441
4284.06606136
4284.45385823
4284.84165502
4285.22945172
4285.61724834
4286.00504488
4286.39284134
4286.78063771
4287.16843400
4287.55623021
4287.94402634
4288.33182238
4288.71961834
4289.10741421
4289.49521001
4289.88300572
4290.27080135
4290.65859689
4291.04639235
4291.43418773
4291.82198303
4292.20977824
4292.59757337
4292.98536842
4293.37316339
4293.76095827
4294.14875307
4294.53654779
4294.92434242
4295.31213698
4295.69993144
4296.08772583
4296.47552013
4296.86331435
4297.25110849
4297.63890255
4298.02669652
4298.41449041
4298.80228421
4299.19007794
4299.57787158
4299.96566514
4300.35345861
4300.74125200
4301.12904531
4301.51683854
4301.90463169
4302.29242475
4302.68021772
4303.06801062
4303.45580343
4303.84359616
4304.23138881
4304.61918138
4305.00697386
4305.39476626
4305.78255857
4306.17035080
4306.55814296
4306.94593502
4307.33372701
4307.72151891
4308.10931073
4308.49710247
4308.88489412
4309.27268569
4309.66047718
4310.04826858
4310.43605991
4310.82385115
4311.21164230
4311.59943338
4311.98722437
4312.37501528
4312.76280610
4313.15059684
4313.53838750
4313.92617808
4314.31396858
4314.70175899
4315.08954932
4315.47733956
4315.86512973
4316.25291981
4316.64070980
4317.02849972
4317.41628955
4317.80407930
4318.19186897
4318.57965855
4318.96744805
4319.35523747
4319.74302680
4320.13081606
4320.51860523
4320.90639431
4321.29418332
4321.68197224
4322.06976108
4322.45754983
4322.84533851
4323.23312710
4323.62091560
4324.00870403
4324.39649237
4324.78428063
4325.17206880
4325.55985690
4325.94764491
4326.33543284
4326.72322068
4327.11100844
4327.49879612
4327.88658372
4328.27437123
4328.66215866
4329.04994601
4329.43773328
4329.82552046
4330.21330756
4330.60109458
4330.98888151
4331.37666836
4331.76445513
4332.15224181
4332.54002842
4332.92781494
4333.31560137
4333.70338773
4334.09117400
4334.47896019
4334.86674630
4335.25453232
4335.64231826
4336.03010412
4336.41788989
4336.80567558
4337.19346119
4337.58124672
4337.96903216
4338.35681752
4338.74460280
4339.13238800
4339.52017311
4339.90795814
4340.29574309
4340.68352795
4341.07131273
4341.45909743
4341.84688205
4342.23466658
4342.62245103
4343.01023540
4343.39801968
4343.78580388
4344.17358800
4344.56137204
4344.94915599
4345.33693986
4345.72472365
4346.11250735
4346.50029098
4346.88807451
4347.27585797
4347.66364134
4348.05142464
4348.43920784
4348.82699097
4349.21477401
4349.60255697
4349.99033985
4350.37812264
4350.76590535
4351.15368798
4351.54147053
4351.92925299
4352.31703537
4352.70481767
4353.09259988
4353.48038201
4353.86816406
4354.25594603
4354.64372791
4355.03150971
4355.41929143
4355.80707306
4356.19485462
4356.58263609
4356.97041747
4357.35819878
4357.74598000
4358.13376114
4358.52154219
4358.90932316
4359.29710405
4359.68488486
4360.07266558
4360.46044622
4360.84822678
4361.23600726
4361.62378765
4362.01156796
4362.39934819
4362.78712833
4363.17490840
4363.56268837
4363.95046827
4364.33824808
4364.72602781
4365.11380746
4365.50158703
4365.88936651
4366.27714591
4366.66492522
4367.05270446
4367.44048361
4367.82826268
4368.21604166
4368.60382056
4368.99159938
4369.37937812
4369.76715677
4370.15493535
4370.54271383
4370.93049224
4371.31827056
4371.70604880
4372.09382696
4372.48160503
4372.86938303
4373.25716094
4373.64493876
4374.03271650
4374.42049417
4374.80827174
4375.19604924
4375.58382665
4375.97160398
4376.35938123
4376.74715839
4377.13493547
4377.52271247
4377.91048938
4378.29826622
4378.68604297
4379.07381963
4379.46159622
4379.84937272
4380.23714914
4380.62492547
4381.01270172
4381.40047789
4381.78825398
4382.17602999
4382.56380591
4382.95158175
4383.33935750
4383.72713318
4384.11490877
4384.50268427
4384.89045970
4385.27823504
4385.66601030
4386.05378548
4386.44156057
4386.82933558
4387.21711051
4387.60488535
4387.99266012
4388.38043480
4388.76820939
4389.15598391
4389.54375834
4389.93153269
4390.31930695
4390.70708114
4391.09485524
4391.48262925
4391.87040319
4392.25817704
4392.64595081
