1000.00000000
1000.50000000
1001.00000000
1001.50000000
1002.00000000
1002.50000000
1003.00000000
1003.50000000
1004.00000000
1004.50000000
1005.00000000
1005.50000000
1006.00000000
1006.50000000
1007.00000000
1007.50000000
1008.00000000
1008.50000000
1009.00000000
1009.50000000
1010.00000000
1010.50000000
1011.00000000
1011.50000000
1012.00000000
1012.50000000
1013.00000000
1013.50000000
1014.00000000
1014.50000000
1015.00000000
1015.50000000
1016.00000000
1016.50000000
1017.00000000
1017.50000000
1018.00000000
1018.50000000
1019.00000000
1019.50000000
1020.00000000
1020.50000000
1021.00000000
1021.50000000
1022.00000000
1022.50000000
1023.00000000
1023.50000000
1024.00000000
1024.50000000
1025.00000000
1025.50000000
1026.00000000
1026.50000000
1027.00000000
1027.50000000
1028.00000000
1028.50000000
1029.00000000
1029.50000000
1030.00000000
1030.50000000
1031.00000000
1031.50000000
1032.00000000
1032.50000000
1033.00000000
1033.50000000
1034.00000000
1034.50000000
1035.00000000
1035.50000000
1036.00000000
1036.50000000
1037.00000000
1037.50000000
1038.00000000
1038.50000000
1039.00000000
1039.50000000
1040.00000000
1040.50000000
1041.00000000
1041.50000000
1042.00000000
1042.50000000
1043.00000000
1043.50000000
1044.00000000
1044.50000000
1045.00000000
1045.50000000
1046.00000000
1046.50000000
1047.00000000
1047.50000000
1048.00000000
1048.50000000
1049.00000000
1049.50000000
1050.00000000
1050.50000000
1051.00000000
1051.50000000
1052.00000000
1052.50000000
1053.00000000
1053.50000000
1054.00000000
1054.50000000
1055.00000000
1055.50000000
1056.00000000
1056.50000000
1057.00000000
1057.50000000
1058.00000000
1058.50000000
1059.00000000
1059.50000000
1060.00000000
1060.50000000
1061.00000000
1061.50000000
1062.00000000
1062.50000000
1063.00000000
1063.50000000
1064.00000000
1064.50000000
1065.00000000
1065.50000000
1066.00000000
1066.50000000
1067.00000000
1067.50000000
1068.00000000
1068.50000000
1069.00000000
1069.50000000
1070.00000000
1070.50000000
1071.00000000
1071.50000000
1072.00000000
1072.50000000
1073.00000000
1073.50000000
1074.00000000
1074.50000000
1075.00000000
1075.50000000
1076.00000000
1076.50000000
1077.00000000
1077.50000000
1078.00000000
1078.50000000
1079.00000000
1079.50000000
1080.00000000
1080.50000000
1081.00000000
1081.50000000
1082.00000000
1082.50000000
1083.00000000
1083.50000000
1084.00000000
1084.50000000
1085.00000000
1085.50000000
1086.00000000
1086.50000000
1087.00000000
1087.50000000
1088.00000000
1088.50000000
1089.00000000
1089.50000000
1090.00000000
1090.50000000
1091.00000000
1091.50000000
1092.00000000
1092.50000000
1093.00000000
1093.50000000
1094.00000000
1094.50000000
1095.00000000
1095.50000000
1096.00000000
1096.50000000
1097.00000000
1097.50000000
1098.00000000
1098.50000000
1099.00000000
1099.50000000
1100.00000000
1100.50000000
1101.00000000
1101.50000000
1102.00000000
1102.50000000
1103.00000000
1103.50000000
1104.00000000
1104.50000000
1105.00000000
1105.50000000
1106.00000000
1106.50000000
1107.00000000
1107.50000000
1108.00000000
1108.50000000
1109.00000000
1109.50000000
1110.00000000
1110.50000000
1111.00000000
1111.50000000
1112.00000000
1112.50000000
1113.00000000
1113.50000000
1114.00000000
1114.50000000
1115.00000000
1115.50000000
1116.00000000
1116.50000000
1117.00000000
1117.50000000
1118.00000000
1118.50000000
1119.00000000
1119.50000000
1120.00000000
1120.50000000
1121.00000000
1121.50000000
1122.00000000
1122.50000000
1123.00000000
1123.50000000
1124.00000000
1124.50000000
1125.00000000
1125.50000000
1126.00000000
1126.50000000
1127.00000000
1127.50000000
1128.00000000
1128.50000000
1129.00000000
1129.50000000
1130.00000000
1130.50000000
1131.00000000
1131.50000000
1132.00000000
1132.50000000
1133.00000000
1133.50000000
1134.00000000
1134.50000000
1135.00000000
1135.50000000
1136.00000000
1136.50000000
1137.00000000
1137.50000000
1138.00000000
1138.50000000
1139.00000000
1139.50000000
1140.00000000
1140.50000000
1141.00000000
1141.50000000
1142.00000000
1142.50000000
1143.00000000
1143.50000000
1144.00000000
1144.50000000
1145.00000000
1145.50000000
1146.00000000
1146.50000000
1147.00000000
1147.50000000
1148.00000000
1148.50000000
1149.00000000
1149.50000000
1150.00000000
1150.50000000
1151.00000000
1151.50000000
1152.00000000
1152.50000000
1153.00000000
1153.50000000
1154.00000000
1154.50000000
1155.00000000
1155.50000000
1156.00000000
1156.50000000
1157.00000000
1157.50000000
1158.00000000
1158.50000000
1159.00000000
1159.50000000
1160.00000000
1160.50000000
1161.00000000
1161.50000000
1162.00000000
1162.50000000
1163.00000000
1163.50000000
1164.00000000
1164.50000000
1165.00000000
1165.50000000
1166.00000000
1166.50000000
1167.00000000
1167.50000000
1168.00000000
1168.50000000
1169.00000000
1169.50000000
1170.00000000
1170.50000000
1171.00000000
1171.50000000
1172.00000000
1172.50000000
1173.00000000
1173.50000000
1174.00000000
1174.50000000
1175.00000000
1175.50000000
1176.00000000
1176.50000000
1177.00000000
1177.50000000
1178.00000000
1178.50000000
1179.00000000
1179.50000000
1180.00000000
1180.50000000
1181.00000000
1181.50000000
1182.00000000
1182.50000000
1183.00000000
1183.50000000
1184.00000000
1184.50000000
1185.00000000
1185.50000000
1186.00000000
1186.50000000
1187.00000000
1187.50000000
1188.00000000
1188.50000000
1189.00000000
1189.50000000
1190.00000000
1190.50000000
1191.00000000
1191.50000000
1192.00000000
1192.50000000
1193.00000000
1193.50000000
1194.00000000
1194.50000000
1195.00000000
1195.50000000
1196.00000000
1196.50000000
1197.00000000
1197.50000000
1198.00000000
1198.50000000
1199.00000000
1199.50000000
1200.00000000
1200.50000000
1201.00000000
1201.50000000
1202.00000000
1202.50000000
1203.00000000
1203.50000000
1204.00000000
1204.50000000
1205.00000000
1205.50000000
1206.00000000
1206.50000000
1207.00000000
1207.50000000
1208.00000000
1208.50000000
1209.00000000
1209.50000000
1210.00000000
1210.50000000
1211.00000000
1211.50000000
1212.00000000
1212.50000000
1213.00000000
1213.50000000
1214.00000000
1214.50000000
1215.00000000
1215.50000000
1216.00000000
1216.50000000
1217.00000000
1217.50000000
1218.00000000
1218.50000000
1219.00000000
1219.50000000
1220.00000000
1220.50000000
1221.00000000
1221.50000000
1222.00000000
1222.50000000
1223.00000000
1223.50000000
1224.00000000
1224.50000000
1225.00000000
1225.50000000
1226.00000000
1226.50000000
1227.00000000
1227.50000000
1228.00000000
1228.50000000
1229.00000000
1229.50000000
1230.00000000
1230.50000000
1231.00000000
1231.50000000
1232.00000000
1232.50000000
1233.00000000
1233.50000000
1234.00000000
1234.50000000
1235.00000000
1235.50000000
1236.00000000
1236.50000000
1237.00000000
1237.50000000
1238.00000000
1238.50000000
1239.00000000
1239.50000000
1240.00000000
1240.50000000
1241.00000000
1241.50000000
1242.00000000
1242.50000000
1243.00000000
1243.50000000
1244.00000000
1244.50000000
1245.00000000
1245.50000000
1246.00000000
1246.50000000
1247.00000000
1247.50000000
1248.00000000
1248.50000000
1249.00000000
1249.50000000
1250.00000000
1250.50000000
1251.00000000
1251.50000000
1252.00000000
1252.50000000
1253.00000000
1253.50000000
1254.00000000
1254.50000000
1255.00000000
1255.50000000
1256.00000000
1256.50000000
1257.00000000
1257.50000000
1258.00000000
1258.50000000
1259.00000000
1259.50000000
1260.00000000
1260.50000000
1261.00000000
1261.50000000
1262.00000000
1262.50000000
1263.00000000
1263.50000000
1264.00000000
1264.50000000
1265.00000000
1265.50000000
1266.00000000
1266.50000000
1267.00000000
1267.50000000
1268.00000000
1268.50000000
1269.00000000
1269.50000000
1270.00000000
1270.50000000
1271.00000000
1271.50000000
1272.00000000
1272.50000000
1273.00000000
1273.50000000
1274.00000000
1274.50000000
1275.00000000
1275.50000000
1276.00000000
1276.50000000
1277.00000000
1277.50000000
1278.00000000
1278.50000000
1279.00000000
1279.50000000
1280.00000000
1280.50000000
1281.00000000
1281.50000000
1282.00000000
1282.50000000
1283.00000000
1283.50000000
1284.00000000
1284.50000000
1285.00000000
1285.50000000
1286.00000000
1286.50000000
1287.00000000
1287.50000000
1288.00000000
1288.50000000
1289.00000000
1289.50000000
1290.00000000
1290.50000000
1291.00000000
1291.50000000
1292.00000000
1292.50000000
1293.00000000
1293.50000000
1294.00000000
1294.50000000
1295.00000000
1295.50000000
1296.00000000
1296.50000000
1297.00000000
1297.50000000
1298.00000000
1298.50000000
1299.00000000
1299.50000000
1300.00000000
1300.50000000
1301.00000000
1301.50000000
1302.00000000
1302.50000000
1303.00000000
1303.50000000
1304.00000000
1304.50000000
1305.00000000
1305.50000000
1306.00000000
1306.50000000
1307.00000000
1307.50000000
1308.00000000
1308.50000000
1309.00000000
1309.50000000
1310.00000000
1310.50000000
1311.00000000
1311.50000000
1312.00000000
1312.50000000
1313.00000000
1313.50000000
1314.00000000
1314.50000000
1315.00000000
1315.50000000
1316.00000000
1316.50000000
1317.00000000
1317.50000000
1318.00000000
1318.50000000
1319.00000000
1319.50000000
1320.00000000
1320.50000000
1321.00000000
1321.50000000
1322.00000000
1322.50000000
1323.00000000
1323.50000000
1324.00000000
1324.50000000
1325.00000000
1325.50000000
1326.00000000
1326.50000000
1327.00000000
1327.50000000
1328.00000000
1328.50000000
1329.00000000
1329.50000000
1330.00000000
1330.50000000
1331.00000000
1331.50000000
1332.00000000
1332.50000000
1333.00000000
1333.50000000
1334.00000000
1334.50000000
1335.00000000
1335.50000000
1336.00000000
1336.50000000
1337.00000000
1337.50000000
1338.00000000
1338.50000000
1339.00000000
1339.50000000
1340.00000000
1340.50000000
1341.00000000
1341.50000000
1342.00000000
1342.50000000
1343.00000000
1343.50000000
1344.00000000
1344.50000000
1345.00000000
1345.50000000
1346.00000000
1346.50000000
1347.00000000
1347.50000000
1348.00000000
1348.50000000
1349.00000000
1349.50000000
1350.00000000
1350.50000000
1351.00000000
1351.50000000
1352.00000000
1352.50000000
1353.00000000
1353.50000000
1354.00000000
1354.50000000
1355.00000000
1355.50000000
1356.00000000
1356.50000000
1357.00000000
1357.50000000
1358.00000000
1358.50000000
1359.00000000
1359.50000000
1360.00000000
1360.50000000
1361.00000000
1361.50000000
1362.00000000
1362.50000000
1363.00000000
1363.50000000
1364.00000000
1364.50000000
1365.00000000
1365.50000000
1366.00000000
1366.50000000
1367.00000000
1367.50000000
1368.00000000
1368.50000000
1369.00000000
1369.50000000
1370.00000000
1370.50000000
1371.00000000
1371.50000000
1372.00000000
1372.50000000
1373.00000000
1373.50000000
1374.00000000
1374.50000000
1375.00000000
1375.50000000
1376.00000000
1376.50000000
1377.00000000
1377.50000000
1378.00000000
1378.50000000
1379.00000000
1379.50000000
1380.00000000
1380.50000000
1381.00000000
1381.50000000
1382.00000000
1382.50000000
1383.00000000
1383.50000000
1384.00000000
1384.50000000
1385.00000000
1385.50000000
1386.00000000
1386.50000000
1387.00000000
1387.50000000
1388.00000000
1388.50000000
1389.00000000
1389.50000000
1390.00000000
1390.50000000
1391.00000000
1391.50000000
1392.00000000
1392.50000000
1393.00000000
1393.50000000
1394.00000000
1394.50000000
1395.00000000
1395.50000000
1396.00000000
1396.50000000
1397.00000000
1397.50000000
1398.00000000
1398.50000000
1399.00000000
1399.50000000
1400.00000000
1400.50000000
1401.00000000
1401.50000000
1402.00000000
1402.50000000
1403.00000000
1403.50000000
1404.00000000
1404.50000000
1405.00000000
1405.50000000
1406.00000000
1406.50000000
1407.00000000
1407.50000000
1408.00000000
1408.50000000
1409.00000000
1409.50000000
1410.00000000
1410.50000000
1411.00000000
1411.50000000
1412.00000000
1412.50000000
1413.00000000
1413.50000000
1414.00000000
1414.50000000
1415.00000000
1415.50000000
1416.00000000
1416.50000000
1417.00000000
1417.50000000
1418.00000000
1418.50000000
1419.00000000
1419.50000000
1420.00000000
1420.50000000
1421.00000000
1421.50000000
1422.00000000
1422.50000000
1423.00000000
1423.50000000
1424.00000000
1424.50000000
1425.00000000
1425.50000000
1426.00000000
1426.50000000
1427.00000000
1427.50000000
1428.00000000
1428.50000000
1429.00000000
1429.50000000
1430.00000000
1430.50000000
1431.00000000
1431.50000000
1432.00000000
1432.50000000
1433.00000000
1433.50000000
1434.00000000
1434.50000000
1435.00000000
1435.50000000
1436.00000000
1436.50000000
1437.00000000
1437.50000000
1438.00000000
1438.50000000
1439.00000000
1439.50000000
1440.00000000
1440.50000000
1441.00000000
1441.50000000
1442.00000000
1442.50000000
1443.00000000
1443.50000000
1444.00000000
1444.50000000
1445.00000000
1445.50000000
1446.00000000
1446.50000000
1447.00000000
1447.50000000
1448.00000000
1448.50000000
1449.00000000
1449.50000000
1450.00000000
1450.50000000
1451.00000000
1451.50000000
1452.00000000
1452.50000000
1453.00000000
1453.50000000
1454.00000000
1454.50000000
1455.00000000
1455.50000000
1456.00000000
1456.50000000
1457.00000000
1457.50000000
1458.00000000
1458.50000000
1459.00000000
1459.50000000
1460.00000000
1460.50000000
1461.00000000
1461.50000000
1462.00000000
1462.50000000
1463.00000000
1463.50000000
1464.00000000
1464.50000000
1465.00000000
1465.50000000
1466.00000000
1466.50000000
1467.00000000
1467.50000000
1468.00000000
1468.50000000
1469.00000000
1469.50000000
1470.00000000
1470.50000000
1471.00000000
1471.50000000
1472.00000000
1472.50000000
1473.00000000
1473.50000000
1474.00000000
1474.50000000
1475.00000000
1475.50000000
1476.00000000
1476.50000000
1477.00000000
1477.50000000
1478.00000000
1478.50000000
1479.00000000
1479.50000000
1480.00000000
1480.50000000
1481.00000000
1481.50000000
1482.00000000
1482.50000000
1483.00000000
1483.50000000
1484.00000000
1484.50000000
1485.00000000
1485.50000000
1486.00000000
1486.50000000
1487.00000000
1487.50000000
1488.00000000
1488.50000000
1489.00000000
1489.50000000
1490.00000000
1490.50000000
1491.00000000
1491.50000000
1492.00000000
1492.50000000
1493.00000000
1493.50000000
1494.00000000
1494.50000000
1495.00000000
1495.50000000
1496.00000000
1496.50000000
1497.00000000
1497.50000000
1498.00000000
1498.50000000
1499.00000000
1499.50000000
1500.00000000
1500.50000000
1501.00000000
1501.50000000
1502.00000000
1502.50000000
1503.00000000
1503.50000000
1504.00000000
1504.50000000
1505.00000000
1505.50000000
1506.00000000
1506.50000000
1507.00000000
1507.50000000
1508.00000000
1508.50000000
1509.00000000
1509.50000000
1510.00000000
1510.50000000
1511.00000000
1511.50000000
1512.00000000
1512.50000000
1513.00000000
1513.50000000
1514.00000000
1514.50000000
1515.00000000
1515.50000000
1516.00000000
1516.50000000
1517.00000000
1517.50000000
1518.00000000
1518.50000000
1519.00000000
1519.50000000
1520.00000000
1520.50000000
1521.00000000
1521.50000000
1522.00000000
1522.50000000
1523.00000000
1523.50000000
1524.00000000
1524.50000000
1525.00000000
1525.50000000
1526.00000000
1526.50000000
1527.00000000
1527.50000000
1528.00000000
1528.50000000
1529.00000000
1529.50000000
1530.00000000
1530.50000000
1531.00000000
1531.50000000
1532.00000000
1532.50000000
1533.00000000
1533.50000000
1534.00000000
1534.50000000
1535.00000000
1535.50000000
1536.00000000
1536.50000000
1537.00000000
1537.50000000
1538.00000000
1538.50000000
1539.00000000
1539.50000000
1540.00000000
1540.50000000
1541.00000000
1541.50000000
1542.00000000
1542.50000000
1543.00000000
1543.50000000
1544.00000000
1544.50000000
1545.00000000
1545.50000000
1546.00000000
1546.50000000
1547.00000000
1547.50000000
1548.00000000
1548.50000000
1549.00000000
1549.50000000
1550.00000000
1550.50000000
1551.00000000
1551.50000000
1552.00000000
1552.50000000
1553.00000000
1553.50000000
1554.00000000
1554.50000000
1555.00000000
1555.50000000
1556.00000000
1556.50000000
1557.00000000
1557.50000000
1558.00000000
1558.50000000
1559.00000000
1559.50000000
1560.00000000
1560.50000000
1561.00000000
1561.50000000
1562.00000000
1562.50000000
1563.00000000
1563.50000000
1564.00000000
1564.50000000
1565.00000000
1565.50000000
1566.00000000
1566.50000000
1567.00000000
1567.50000000
1568.00000000
1568.50000000
1569.00000000
1569.50000000
1570.00000000
1570.50000000
1571.00000000
1571.50000000
1572.00000000
1572.50000000
1573.00000000
1573.50000000
1574.00000000
1574.50000000
1575.00000000
1575.50000000
1576.00000000
1576.50000000
1577.00000000
1577.50000000
1578.00000000
1578.50000000
1579.00000000
1579.50000000
1580.00000000
1580.50000000
1581.00000000
1581.50000000
1582.00000000
1582.50000000
1583.00000000
1583.50000000
1584.00000000
1584.50000000
1585.00000000
1585.50000000
1586.00000000
1586.50000000
1587.00000000
1587.50000000
1588.00000000
1588.50000000
1589.00000000
1589.50000000
1590.00000000
1590.50000000
1591.00000000
1591.50000000
1592.00000000
1592.50000000
1593.00000000
1593.50000000
1594.00000000
1594.50000000
1595.00000000
1595.50000000
1596.00000000
1596.50000000
1597.00000000
1597.50000000
1598.00000000
1598.50000000
1599.00000000
1599.50000000
1600.00000000
1600.50000000
1601.00000000
1601.50000000
1602.00000000
1602.50000000
1603.00000000
1603.50000000
1604.00000000
1604.50000000
1605.00000000
1605.50000000
1606.00000000
1606.50000000
1607.00000000
1607.50000000
1608.00000000
1608.50000000
1609.00000000
1609.50000000
1610.00000000
1610.50000000
1611.00000000
1611.50000000
1612.00000000
1612.50000000
1613.00000000
1613.50000000
1614.00000000
1614.50000000
1615.00000000
1615.50000000
1616.00000000
1616.50000000
1617.00000000
1617.50000000
1618.00000000
1618.50000000
1619.00000000
1619.50000000
1620.00000000
1620.50000000
1621.00000000
1621.50000000
1622.00000000
1622.50000000
1623.00000000
1623.50000000
1624.00000000
1624.50000000
1625.00000000
1625.50000000
1626.00000000
1626.50000000
1627.00000000
1627.50000000
1628.00000000
1628.50000000
1629.00000000
1629.50000000
1630.00000000
1630.50000000
1631.00000000
1631.50000000
1632.00000000
1632.50000000
1633.00000000
1633.50000000
1634.00000000
1634.50000000
1635.00000000
1635.50000000
1636.00000000
1636.50000000
1637.00000000
1637.50000000
1638.00000000
1638.50000000
1639.00000000
1639.50000000
1640.00000000
1640.50000000
1641.00000000
1641.50000000
1642.00000000
1642.50000000
1643.00000000
1643.50000000
1644.00000000
1644.50000000
1645.00000000
1645.50000000
1646.00000000
1646.50000000
1647.00000000
1647.50000000
1648.00000000
1648.50000000
1649.00000000
1649.50000000
1650.00000000
1650.50000000
1651.00000000
1651.50000000
1652.00000000
1652.50000000
1653.00000000
1653.50000000
1654.00000000
1654.50000000
1655.00000000
1655.50000000
1656.00000000
1656.50000000
1657.00000000
1657.50000000
1658.00000000
1658.50000000
1659.00000000
1659.50000000
1660.00000000
1660.50000000
1661.00000000
1661.50000000
1662.00000000
1662.50000000
1663.00000000
1663.50000000
1664.00000000
1664.50000000
1665.00000000
1665.50000000
1666.00000000
1666.50000000
1667.00000000
1667.50000000
1668.00000000
1668.50000000
1669.00000000
1669.50000000
1670.00000000
1670.50000000
1671.00000000
1671.50000000
1672.00000000
1672.50000000
1673.00000000
1673.50000000
1674.00000000
1674.50000000
1675.00000000
1675.50000000
1676.00000000
1676.50000000
1677.00000000
1677.50000000
1678.00000000
1678.50000000
1679.00000000
1679.50000000
1680.00000000
1680.50000000
1681.00000000
1681.50000000
1682.00000000
1682.50000000
1683.00000000
1683.50000000
1684.00000000
1684.50000000
1685.00000000
1685.50000000
1686.00000000
1686.50000000
1687.00000000
1687.50000000
1688.00000000
1688.50000000
1689.00000000
1689.50000000
1690.00000000
1690.50000000
1691.00000000
1691.50000000
1692.00000000
1692.50000000
1693.00000000
1693.50000000
1694.00000000
1694.50000000
1695.00000000
1695.50000000
1696.00000000
1696.50000000
1697.00000000
1697.50000000
1698.00000000
1698.50000000
1699.00000000
1699.50000000
1700.00000000
1700.50000000
1701.00000000
1701.50000000
1702.00000000
1702.50000000
1703.00000000
1703.50000000
1704.00000000
1704.50000000
1705.00000000
1705.50000000
1706.00000000
1706.50000000
1707.00000000
1707.50000000
1708.00000000
1708.50000000
1709.00000000
1709.50000000
1710.00000000
1710.50000000
1711.00000000
1711.50000000
1712.00000000
1712.50000000
1713.00000000
1713.50000000
1714.00000000
1714.50000000
1715.00000000
1715.50000000
1716.00000000
1716.50000000
1717.00000000
1717.50000000
1718.00000000
1718.50000000
1719.00000000
1719.50000000
1720.00000000
1720.50000000
1721.00000000
1721.50000000
1722.00000000
1722.50000000
1723.00000000
1723.50000000
1724.00000000
1724.50000000
1725.00000000
1725.50000000
1726.00000000
1726.50000000
1727.00000000
1727.50000000
1728.00000000
1728.50000000
1729.00000000
1729.50000000
1730.00000000
1730.50000000
1731.00000000
1731.50000000
1732.00000000
1732.50000000
1733.00000000
1733.50000000
1734.00000000
1734.50000000
1735.00000000
1735.50000000
1736.00000000
1736.50000000
1737.00000000
1737.50000000
1738.00000000
1738.50000000
1739.00000000
1739.50000000
1740.00000000
1740.50000000
1741.00000000
1741.50000000
1742.00000000
1742.50000000
1743.00000000
1743.50000000
1744.00000000
1744.50000000
1745.00000000
1745.50000000
1746.00000000
1746.50000000
1747.00000000
1747.50000000
1748.00000000
1748.50000000
1749.00000000
1749.50000000
1750.00000000
1750.50000000
1751.00000000
1751.50000000
1752.00000000
1752.50000000
1753.00000000
1753.50000000
1754.00000000
1754.50000000
1755.00000000
1755.50000000
1756.00000000
1756.50000000
1757.00000000
1757.50000000
1758.00000000
1758.50000000
1759.00000000
1759.50000000
1760.00000000
1760.50000000
1761.00000000
1761.50000000
1762.00000000
1762.50000000
1763.00000000
1763.50000000
1764.00000000
1764.50000000
1765.00000000
1765.50000000
1766.00000000
1766.50000000
1767.00000000
1767.50000000
1768.00000000
1768.50000000
1769.00000000
1769.50000000
1770.00000000
1770.50000000
1771.00000000
1771.50000000
1772.00000000
1772.50000000
1773.00000000
1773.50000000
1774.00000000
1774.50000000
1775.00000000
1775.50000000
1776.00000000
1776.50000000
1777.00000000
1777.50000000
1778.00000000
1778.50000000
1779.00000000
1779.50000000
1780.00000000
1780.50000000
1781.00000000
1781.50000000
1782.00000000
1782.50000000
1783.00000000
1783.50000000
1784.00000000
1784.50000000
1785.00000000
1785.50000000
1786.00000000
1786.50000000
1787.00000000
1787.50000000
1788.00000000
1788.50000000
1789.00000000
1789.50000000
1790.00000000
1790.50000000
1791.00000000
1791.50000000
1792.00000000
1792.50000000
1793.00000000
1793.50000000
1794.00000000
1794.50000000
1795.00000000
1795.50000000
1796.00000000
1796.50000000
1797.00000000
1797.50000000
1798.00000000
1798.50000000
1799.00000000
1799.50000000
1800.00000000
1800.50000000
1801.00000000
1801.50000000
1802.00000000
1802.50000000
1803.00000000
1803.50000000
1804.00000000
1804.50000000
1805.00000000
1805.50000000
1806.00000000
1806.50000000
1807.00000000
1807.50000000
1808.00000000
1808.50000000
1809.00000000
1809.50000000
1810.00000000
1810.50000000
1811.00000000
1811.50000000
1812.00000000
1812.50000000
1813.00000000
1813.50000000
1814.00000000
1814.50000000
1815.00000000
1815.50000000
1816.00000000
1816.50000000
1817.00000000
1817.50000000
1818.00000000
1818.50000000
1819.00000000
1819.50000000
1820.00000000
1820.50000000
1821.00000000
1821.50000000
1822.00000000
1822.50000000
1823.00000000
1823.50000000
1824.00000000
1824.50000000
1825.00000000
1825.50000000
1826.00000000
1826.50000000
1827.00000000
1827.50000000
1828.00000000
1828.50000000
1829.00000000
1829.50000000
1830.00000000
1830.50000000
1831.00000000
1831.50000000
1832.00000000
1832.50000000
1833.00000000
1833.50000000
1834.00000000
1834.50000000
1835.00000000
1835.50000000
1836.00000000
1836.50000000
1837.00000000
1837.50000000
1838.00000000
1838.50000000
1839.00000000
1839.50000000
1840.00000000
1840.50000000
1841.00000000
1841.50000000
1842.00000000
1842.50000000
1843.00000000
1843.50000000
1844.00000000
1844.50000000
1845.00000000
1845.50000000
1846.00000000
1846.50000000
1847.00000000
1847.50000000
1848.00000000
1848.50000000
1849.00000000
1849.50000000
1850.00000000
1850.50000000
1851.00000000
1851.50000000
1852.00000000
1852.50000000
1853.00000000
1853.50000000
1854.00000000
1854.50000000
1855.00000000
1855.50000000
1856.00000000
1856.50000000
1857.00000000
1857.50000000
1858.00000000
1858.50000000
1859.00000000
1859.50000000
1860.00000000
1860.50000000
1861.00000000
1861.50000000
1862.00000000
1862.50000000
1863.00000000
1863.50000000
1864.00000000
1864.50000000
1865.00000000
1865.50000000
1866.00000000
1866.50000000
1867.00000000
1867.50000000
1868.00000000
1868.50000000
1869.00000000
1869.50000000
1870.00000000
1870.50000000
1871.00000000
1871.50000000
1872.00000000
1872.50000000
1873.00000000
1873.50000000
1874.00000000
1874.50000000
1875.00000000
1875.50000000
1876.00000000
1876.50000000
1877.00000000
1877.50000000
1878.00000000
1878.50000000
1879.00000000
1879.50000000
1880.00000000
1880.50000000
1881.00000000
1881.50000000
1882.00000000
1882.50000000
1883.00000000
1883.50000000
1884.00000000
1884.50000000
1885.00000000
1885.50000000
1886.00000000
1886.50000000
1887.00000000
1887.50000000
1888.00000000
1888.50000000
1889.00000000
1889.50000000
1890.00000000
1890.50000000
1891.00000000
1891.50000000
1892.00000000
1892.50000000
1893.00000000
1893.50000000
1894.00000000
1894.50000000
1895.00000000
1895.50000000
1896.00000000
1896.50000000
1897.00000000
1897.50000000
1898.00000000
1898.50000000
1899.00000000
1899.50000000
1900.00000000
1900.50000000
1901.00000000
1901.50000000
1902.00000000
1902.50000000
1903.00000000
1903.50000000
1904.00000000
1904.50000000
1905.00000000
1905.50000000
1906.00000000
1906.50000000
1907.00000000
1907.50000000
1908.00000000
1908.50000000
1909.00000000
1909.50000000
1910.00000000
1910.50000000
1911.00000000
1911.50000000
1912.00000000
1912.50000000
1913.00000000
1913.50000000
1914.00000000
1914.50000000
1915.00000000
1915.50000000
1916.00000000
1916.50000000
1917.00000000
1917.50000000
1918.00000000
1918.50000000
1919.00000000
1919.50000000
1920.00000000
1920.50000000
1921.00000000
1921.50000000
1922.00000000
1922.50000000
1923.00000000
1923.50000000
1924.00000000
1924.50000000
1925.00000000
1925.50000000
1926.00000000
1926.50000000
1927.00000000
1927.50000000
1928.00000000
1928.50000000
1929.00000000
1929.50000000
1930.00000000
1930.50000000
1931.00000000
1931.50000000
1932.00000000
1932.50000000
1933.00000000
1933.50000000
1934.00000000
1934.50000000
1935.00000000
1935.50000000
1936.00000000
1936.50000000
1937.00000000
1937.50000000
1938.00000000
1938.50000000
1939.00000000
1939.50000000
1940.00000000
1940.50000000
1941.00000000
1941.50000000
1942.00000000
1942.50000000
1943.00000000
1943.50000000
1944.00000000
1944.50000000
1945.00000000
1945.50000000
1946.00000000
1946.50000000
1947.00000000
1947.50000000
1948.00000000
1948.50000000
1949.00000000
1949.50000000
1950.00000000
1950.50000000
1951.00000000
1951.50000000
1952.00000000
1952.50000000
1953.00000000
1953.50000000
1954.00000000
1954.50000000
1955.00000000
1955.50000000
1956.00000000
1956.50000000
1957.00000000
1957.50000000
1958.00000000
1958.50000000
1959.00000000
1959.50000000
1960.00000000
1960.50000000
1961.00000000
1961.50000000
1962.00000000
1962.50000000
1963.00000000
1963.50000000
1964.00000000
1964.50000000
1965.00000000
1965.50000000
1966.00000000
1966.50000000
1967.00000000
1967.50000000
1968.00000000
1968.50000000
1969.00000000
1969.50000000
1970.00000000
1970.50000000
1971.00000000
1971.50000000
1972.00000000
1972.50000000
1973.00000000
1973.50000000
1974.00000000
1974.50000000
1975.00000000
1975.50000000
1976.00000000
1976.50000000
1977.00000000
1977.50000000
1978.00000000
1978.50000000
1979.00000000
1979.50000000
1980.00000000
1980.50000000
1981.00000000
1981.50000000
1982.00000000
1982.50000000
1983.00000000
1983.50000000
1984.00000000
1984.50000000
1985.00000000
1985.50000000
1986.00000000
1986.50000000
1987.00000000
1987.50000000
1988.00000000
1988.50000000
1989.00000000
1989.50000000
1990.00000000
1990.50000000
1991.00000000
1991.50000000
1992.00000000
1992.50000000
1993.00000000
1993.50000000
1994.00000000
1994.50000000
1995.00000000
1995.50000000
1996.00000000
1996.50000000
1997.00000000
1997.50000000
1998.00000000
1998.50000000
1999.00000000
1999.50000000
2000.00000000
2000.50000000
2001.00000000
2001.50000000
2002.00000000
2002.50000000
2003.00000000
2003.50000000
2004.00000000
2004.50000000
2005.00000000
2005.50000000
2006.00000000
2006.50000000
2007.00000000
2007.50000000
2008.00000000
2008.50000000
2009.00000000
2009.50000000
2010.00000000
2010.50000000
2011.00000000
2011.50000000
2012.00000000
2012.50000000
2013.00000000
2013.50000000
2014.00000000
2014.50000000
2015.00000000
2015.50000000
2016.00000000
2016.50000000
2017.00000000
2017.50000000
2018.00000000
2018.50000000
2019.00000000
2019.50000000
2020.00000000
2020.50000000
2021.00000000
2021.50000000
2022.00000000
2022.50000000
2023.00000000
2023.50000000
2024.00000000
2024.50000000
2025.00000000
2025.50000000
2026.00000000
2026.50000000
2027.00000000
2027.50000000
2028.00000000
2028.50000000
2029.00000000
2029.50000000
2030.00000000
2030.50000000
2031.00000000
2031.50000000
2032.00000000
2032.50000000
2033.00000000
2033.50000000
2034.00000000
2034.50000000
2035.00000000
2035.50000000
2036.00000000
2036.50000000
2037.00000000
2037.50000000
2038.00000000
2038.50000000
2039.00000000
2039.50000000
2040.00000000
2040.50000000
2041.00000000
2041.50000000
2042.00000000
2042.50000000
2043.00000000
2043.50000000
2044.00000000
2044.50000000
2045.00000000
2045.50000000
2046.00000000
2046.50000000
2047.00000000
2047.50000000
2048.00000000
2048.50000000
2049.00000000
2049.50000000
2050.00000000
2050.50000000
2051.00000000
2051.50000000
2052.00000000
2052.50000000
2053.00000000
2053.50000000
2054.00000000
2054.50000000
2055.00000000
2055.50000000
2056.00000000
2056.50000000
2057.00000000
2057.50000000
2058.00000000
2058.50000000
2059.00000000
2059.50000000
2060.00000000
2060.50000000
2061.00000000
2061.50000000
2062.00000000
2062.50000000
2063.00000000
2063.50000000
2064.00000000
2064.50000000
2065.00000000
2065.50000000
2066.00000000
2066.50000000
2067.00000000
2067.50000000
2068.00000000
2068.50000000
2069.00000000
2069.50000000
2070.00000000
2070.50000000
2071.00000000
2071.50000000
2072.00000000
2072.50000000
2073.00000000
2073.50000000
2074.00000000
2074.50000000
2075.00000000
2075.50000000
2076.00000000
2076.50000000
2077.00000000
2077.50000000
2078.00000000
2078.50000000
2079.00000000
2079.50000000
2080.00000000
2080.50000000
2081.00000000
2081.50000000
2082.00000000
2082.50000000
2083.00000000
2083.50000000
2084.00000000
2084.50000000
2085.00000000
2085.50000000
2086.00000000
2086.50000000
2087.00000000
2087.50000000
2088.00000000
2088.50000000
2089.00000000
2089.50000000
2090.00000000
2090.50000000
2091.00000000
2091.50000000
2092.00000000
2092.50000000
2093.00000000
2093.50000000
2094.00000000
2094.50000000
2095.00000000
2095.50000000
2096.00000000
2096.50000000
2097.00000000
2097.50000000
2098.00000000
2098.50000000
2099.00000000
2099.50000000
2100.00000000
2100.50000000
2101.00000000
2101.50000000
2102.00000000
2102.50000000
2103.00000000
2103.50000000
2104.00000000
2104.50000000
2105.00000000
2105.50000000
2106.00000000
2106.50000000
2107.00000000
2107.50000000
2108.00000000
2108.50000000
2109.00000000
2109.50000000
2110.00000000
2110.50000000
2111.00000000
2111.50000000
2112.00000000
2112.50000000
2113.00000000
2113.50000000
2114.00000000
2114.50000000
2115.00000000
2115.50000000
2116.00000000
2116.50000000
2117.00000000
2117.50000000
2118.00000000
2118.50000000
2119.00000000
2119.50000000
2120.00000000
2120.50000000
2121.00000000
2121.50000000
2122.00000000
2122.50000000
2123.00000000
2123.50000000
2124.00000000
2124.50000000
2125.00000000
2125.50000000
2126.00000000
2126.50000000
2127.00000000
2127.50000000
2128.00000000
2128.50000000
2129.00000000
2129.50000000
2130.00000000
2130.50000000
2131.00000000
2131.50000000
2132.00000000
2132.50000000
2133.00000000
2133.50000000
2134.00000000
2134.50000000
2135.00000000
2135.50000000
2136.00000000
2136.50000000
2137.00000000
2137.50000000
2138.00000000
2138.50000000
2139.00000000
2139.50000000
2140.00000000
2140.50000000
2141.00000000
2141.50000000
2142.00000000
2142.50000000
2143.00000000
2143.50000000
2144.00000000
2144.50000000
2145.00000000
2145.50000000
2146.00000000
2146.50000000
2147.00000000
2147.50000000
2148.00000000
2148.50000000
2149.00000000
2149.50000000
2150.00000000
2150.50000000
2151.00000000
2151.50000000
2152.00000000
2152.50000000
2153.00000000
2153.50000000
2154.00000000
2154.50000000
2155.00000000
2155.50000000
2156.00000000
2156.50000000
2157.00000000
2157.50000000
2158.00000000
2158.50000000
2159.00000000
2159.50000000
2160.00000000
2160.50000000
2161.00000000
2161.50000000
2162.00000000
2162.50000000
2163.00000000
2163.50000000
2164.00000000
2164.50000000
2165.00000000
2165.50000000
2166.00000000
2166.50000000
2167.00000000
2167.50000000
2168.00000000
2168.50000000
2169.00000000
2169.50000000
2170.00000000
2170.50000000
2171.00000000
2171.50000000
2172.00000000
2172.50000000
2173.00000000
2173.50000000
2174.00000000
2174.50000000
2175.00000000
2175.50000000
2176.00000000
2176.50000000
2177.00000000
2177.50000000
2178.00000000
2178.50000000
2179.00000000
2179.50000000
2180.00000000
2180.50000000
2181.00000000
2181.50000000
2182.00000000
2182.50000000
2183.00000000
2183.50000000
2184.00000000
2184.50000000
2185.00000000
2185.50000000
2186.00000000
2186.50000000
2187.00000000
2187.50000000
2188.00000000
2188.50000000
2189.00000000
2189.50000000
2190.00000000
2190.50000000
2191.00000000
2191.50000000
2192.00000000
2192.50000000
2193.00000000
2193.50000000
2194.00000000
2194.50000000
2195.00000000
2195.50000000
2196.00000000
2196.50000000
2197.00000000
2197.50000000
2198.00000000
2198.50000000
2199.00000000
2199.50000000
2200.00000000
2200.50000000
2201.00000000
2201.50000000
2202.00000000
2202.50000000
2203.00000000
2203.50000000
2204.00000000
2204.50000000
2205.00000000
2205.50000000
2206.00000000
2206.50000000
2207.00000000
2207.50000000
2208.00000000
2208.50000000
2209.00000000
2209.50000000
2210.00000000
2210.50000000
2211.00000000
2211.50000000
2212.00000000
2212.50000000
2213.00000000
2213.50000000
2214.00000000
2214.50000000
2215.00000000
2215.50000000
2216.00000000
2216.50000000
2217.00000000
2217.50000000
2218.00000000
2218.50000000
2219.00000000
2219.50000000
2220.00000000
2220.50000000
2221.00000000
2221.50000000
2222.00000000
2222.50000000
2223.00000000
2223.50000000
2224.00000000
2224.50000000
2225.00000000
2225.50000000
2226.00000000
2226.50000000
2227.00000000
2227.50000000
2228.00000000
2228.50000000
2229.00000000
2229.50000000
2230.00000000
2230.50000000
2231.00000000
2231.50000000
2232.00000000
2232.50000000
2233.00000000
2233.50000000
2234.00000000
2234.50000000
2235.00000000
2235.50000000
2236.00000000
2236.50000000
2237.00000000
2237.50000000
2238.00000000
2238.50000000
2239.00000000
2239.50000000
2240.00000000
2240.50000000
2241.00000000
2241.50000000
2242.00000000
2242.50000000
2243.00000000
2243.50000000
2244.00000000
2244.50000000
2245.00000000
2245.50000000
2246.00000000
2246.50000000
2247.00000000
2247.50000000
2248.00000000
2248.50000000
2249.00000000
2249.50000000
2250.00000000
2250.50000000
2251.00000000
2251.50000000
2252.00000000
2252.50000000
2253.00000000
2253.50000000
2254.00000000
2254.50000000
2255.00000000
2255.50000000
2256.00000000
2256.50000000
2257.00000000
2257.50000000
2258.00000000
2258.50000000
2259.00000000
2259.50000000
2260.00000000
2260.50000000
2261.00000000
2261.50000000
2262.00000000
2262.50000000
2263.00000000
2263.50000000
2264.00000000
2264.50000000
2265.00000000
2265.50000000
2266.00000000
2266.50000000
2267.00000000
2267.50000000
2268.00000000
2268.50000000
2269.00000000
2269.50000000
2270.00000000
2270.50000000
2271.00000000
2271.50000000
2272.00000000
2272.50000000
2273.00000000
2273.50000000
2274.00000000
2274.50000000
2275.00000000
2275.50000000
2276.00000000
2276.50000000
2277.00000000
2277.50000000
2278.00000000
2278.50000000
2279.00000000
2279.50000000
2280.00000000
2280.50000000
2281.00000000
2281.50000000
2282.00000000
2282.50000000
2283.00000000
2283.50000000
2284.00000000
2284.50000000
2285.00000000
2285.50000000
2286.00000000
2286.50000000
2287.00000000
2287.50000000
2288.00000000
2288.50000000
2289.00000000
2289.50000000
2290.00000000
2290.50000000
2291.00000000
2291.50000000
2292.00000000
2292.50000000
2293.00000000
2293.50000000
2294.00000000
2294.50000000
2295.00000000
2295.50000000
2296.00000000
2296.50000000
2297.00000000
2297.50000000
2298.00000000
2298.50000000
2299.00000000
2299.50000000
2300.00000000
2300.50000000
2301.00000000
2301.50000000
2302.00000000
2302.50000000
2303.00000000
2303.50000000
2304.00000000
2304.50000000
2305.00000000
2305.50000000
2306.00000000
2306.50000000
2307.00000000
2307.50000000
2308.00000000
2308.50000000
2309.00000000
2309.50000000
2310.00000000
2310.50000000
2311.00000000
2311.50000000
2312.00000000
2312.50000000
2313.00000000
2313.50000000
2314.00000000
2314.50000000
2315.00000000
2315.50000000
2316.00000000
2316.50000000
2317.00000000
2317.50000000
2318.00000000
2318.50000000
2319.00000000
2319.50000000
2320.00000000
2320.50000000
2321.00000000
2321.50000000
2322.00000000
2322.50000000
2323.00000000
2323.50000000
2324.00000000
2324.50000000
2325.00000000
2325.50000000
2326.00000000
2326.50000000
2327.00000000
2327.50000000
2328.00000000
2328.50000000
2329.00000000
2329.50000000
2330.00000000
2330.50000000
2331.00000000
2331.50000000
2332.00000000
2332.50000000
2333.00000000
2333.50000000
2334.00000000
2334.50000000
2335.00000000
2335.50000000
2336.00000000
2336.50000000
2337.00000000
2337.50000000
2338.00000000
2338.50000000
2339.00000000
2339.50000000
2340.00000000
2340.50000000
2341.00000000
2341.50000000
2342.00000000
2342.50000000
2343.00000000
2343.50000000
2344.00000000
2344.50000000
2345.00000000
2345.50000000
2346.00000000
2346.50000000
2347.00000000
2347.50000000
2348.00000000
2348.50000000
2349.00000000
2349.50000000
2350.00000000
2350.50000000
2351.00000000
2351.50000000
2352.00000000
2352.50000000
2353.00000000
2353.50000000
2354.00000000
2354.50000000
2355.00000000
2355.50000000
2356.00000000
2356.50000000
2357.00000000
2357.50000000
2358.00000000
2358.50000000
2359.00000000
2359.50000000
2360.00000000
2360.50000000
2361.00000000
2361.50000000
2362.00000000
2362.50000000
2363.00000000
2363.50000000
2364.00000000
2364.50000000
2365.00000000
2365.50000000
2366.00000000
2366.50000000
2367.00000000
2367.50000000
2368.00000000
2368.50000000
2369.00000000
2369.50000000
2370.00000000
2370.50000000
2371.00000000
2371.50000000
2372.00000000
2372.50000000
2373.00000000
2373.50000000
2374.00000000
2374.50000000
2375.00000000
2375.50000000
2376.00000000
2376.50000000
2377.00000000
2377.50000000
2378.00000000
2378.50000000
2379.00000000
2379.50000000
2380.00000000
2380.50000000
2381.00000000
2381.50000000
2382.00000000
2382.50000000
2383.00000000
2383.50000000
2384.00000000
2384.50000000
2385.00000000
2385.50000000
2386.00000000
2386.50000000
2387.00000000
2387.50000000
2388.00000000
2388.50000000
2389.00000000
2389.50000000
2390.00000000
2390.50000000
2391.00000000
2391.50000000
2392.00000000
2392.50000000
2393.00000000
2393.50000000
2394.00000000
2394.50000000
2395.00000000
2395.50000000
2396.00000000
2396.50000000
2397.00000000
2397.50000000
2398.00000000
2398.50000000
2399.00000000
2399.50000000
2400.00000000
2400.50000000
2401.00000000
2401.50000000
2402.00000000
2402.50000000
2403.00000000
2403.50000000
2404.00000000
2404.50000000
2405.00000000
2405.50000000
2406.00000000
2406.50000000
2407.00000000
2407.50000000
2408.00000000
2408.50000000
2409.00000000
2409.50000000
2410.00000000
2410.50000000
2411.00000000
2411.50000000
2412.00000000
2412.50000000
2413.00000000
2413.50000000
2414.00000000
2414.50000000
2415.00000000
2415.50000000
2416.00000000
2416.50000000
2417.00000000
2417.50000000
2418.00000000
2418.50000000
2419.00000000
2419.50000000
2420.00000000
2420.50000000
2421.00000000
2421.50000000
2422.00000000
2422.50000000
2423.00000000
2423.50000000
2424.00000000
2424.50000000
2425.00000000
2425.50000000
2426.00000000
2426.50000000
2427.00000000
2427.50000000
2428.00000000
2428.50000000
2429.00000000
2429.50000000
2430.00000000
2430.50000000
2431.00000000
2431.50000000
2432.00000000
2432.50000000
2433.00000000
2433.50000000
2434.00000000
2434.50000000
2435.00000000
2435.50000000
2436.00000000
2436.50000000
2437.00000000
2437.50000000
2438.00000000
2438.50000000
2439.00000000
2439.50000000
2440.00000000
2440.50000000
2441.00000000
2441.50000000
2442.00000000
2442.50000000
2443.00000000
2443.50000000
2444.00000000
2444.50000000
2445.00000000
2445.50000000
2446.00000000
2446.50000000
2447.00000000
2447.50000000
2448.00000000
2448.50000000
2449.00000000
2449.50000000
2450.00000000
2450.50000000
2451.00000000
2451.50000000
2452.00000000
2452.50000000
2453.00000000
2453.50000000
2454.00000000
2454.50000000
2455.00000000
2455.50000000
2456.00000000
2456.50000000
2457.00000000
2457.50000000
2458.00000000
2458.50000000
2459.00000000
2459.50000000
2460.00000000
2460.50000000
2461.00000000
2461.50000000
2462.00000000
2462.50000000
2463.00000000
2463.50000000
2464.00000000
2464.50000000
2465.00000000
2465.50000000
2466.00000000
2466.50000000
2467.00000000
2467.50000000
2468.00000000
2468.50000000
2469.00000000
2469.50000000
2470.00000000
2470.50000000
2471.00000000
2471.50000000
2472.00000000
2472.50000000
2473.00000000
2473.50000000
2474.00000000
2474.50000000
2475.00000000
2475.50000000
2476.00000000
2476.50000000
2477.00000000
2477.50000000
2478.00000000
2478.50000000
2479.00000000
2479.50000000
2480.00000000
2480.50000000
2481.00000000
2481.50000000
2482.00000000
2482.50000000
2483.00000000
2483.50000000
2484.00000000
2484.50000000
2485.00000000
2485.50000000
2486.00000000
2486.50000000
2487.00000000
2487.50000000
2488.00000000
2488.50000000
2489.00000000
2489.50000000
2490.00000000
2490.50000000
2491.00000000
2491.50000000
2492.00000000
2492.50000000
2493.00000000
2493.50000000
2494.00000000
2494.50000000
2495.00000000
2495.50000000
2496.00000000
2496.50000000
2497.00000000
2497.50000000
2498.00000000
2498.50000000
2499.00000000
2499.50000000
2500.00000000
2500.50000000
2501.00000000
2501.50000000
2502.00000000
2502.50000000
2503.00000000
2503.50000000
2504.00000000
2504.50000000
2505.00000000
2505.50000000
2506.00000000
2506.50000000
2507.00000000
2507.50000000
2508.00000000
2508.50000000
2509.00000000
2509.50000000
2510.00000000
2510.50000000
2511.00000000
2511.50000000
2512.00000000
2512.50000000
2513.00000000
2513.50000000
2514.00000000
2514.50000000
2515.00000000
2515.50000000
2516.00000000
2516.50000000
2517.00000000
2517.50000000
2518.00000000
2518.50000000
2519.00000000
2519.50000000
2520.00000000
2520.50000000
2521.00000000
2521.50000000
2522.00000000
2522.50000000
2523.00000000
2523.50000000
2524.00000000
2524.50000000
2525.00000000
2525.50000000
2526.00000000
2526.50000000
2527.00000000
2527.50000000
2528.00000000
2528.50000000
2529.00000000
2529.50000000
2530.00000000
2530.50000000
2531.00000000
2531.50000000
2532.00000000
2532.50000000
2533.00000000
2533.50000000
2534.00000000
2534.50000000
2535.00000000
2535.50000000
2536.00000000
2536.50000000
2537.00000000
2537.50000000
2538.00000000
2538.50000000
2539.00000000
2539.50000000
2540.00000000
2540.50000000
2541.00000000
2541.50000000
2542.00000000
2542.50000000
2543.00000000
2543.50000000
2544.00000000
2544.50000000
2545.00000000
2545.50000000
2546.00000000
2546.50000000
2547.00000000
2547.50000000
2548.00000000
2548.50000000
2549.00000000
2549.50000000
2550.00000000
2550.50000000
2551.00000000
2551.50000000
2552.00000000
2552.50000000
2553.00000000
2553.50000000
2554.00000000
2554.50000000
2555.00000000
2555.50000000
2556.00000000
2556.50000000
2557.00000000
2557.50000000
2558.00000000
2558.50000000
2559.00000000
2559.50000000
2560.00000000
2560.50000000
2561.00000000
2561.50000000
2562.00000000
2562.50000000
2563.00000000
2563.50000000
2564.00000000
2564.50000000
2565.00000000
2565.50000000
2566.00000000
2566.50000000
2567.00000000
2567.50000000
2568.00000000
2568.50000000
2569.00000000
2569.50000000
2570.00000000
2570.50000000
2571.00000000
2571.50000000
2572.00000000
2572.50000000
2573.00000000
2573.50000000
2574.00000000
2574.50000000
2575.00000000
2575.50000000
2576.00000000
2576.50000000
2577.00000000
2577.50000000
2578.00000000
2578.50000000
2579.00000000
2579.50000000
2580.00000000
2580.50000000
2581.00000000
2581.50000000
2582.00000000
2582.50000000
2583.00000000
2583.50000000
2584.00000000
2584.50000000
2585.00000000
2585.50000000
2586.00000000
2586.50000000
2587.00000000
2587.50000000
2588.00000000
2588.50000000
2589.00000000
2589.50000000
2590.00000000
2590.50000000
2591.00000000
2591.50000000
2592.00000000
2592.50000000
2593.00000000
2593.50000000
2594.00000000
2594.50000000
2595.00000000
2595.50000000
2596.00000000
2596.50000000
2597.00000000
2597.50000000
2598.00000000
2598.50000000
2599.00000000
2599.50000000
2600.00000000
2600.50000000
2601.00000000
2601.50000000
2602.00000000
2602.50000000
2603.00000000
2603.50000000
2604.00000000
2604.50000000
2605.00000000
2605.50000000
2606.00000000
2606.50000000
2607.00000000
2607.50000000
2608.00000000
2608.50000000
2609.00000000
2609.50000000
2610.00000000
2610.50000000
2611.00000000
2611.50000000
2612.00000000
2612.50000000
2613.00000000
2613.50000000
2614.00000000
2614.50000000
2615.00000000
2615.50000000
2616.00000000
2616.50000000
2617.00000000
2617.50000000
2618.00000000
2618.50000000
2619.00000000
2619.50000000
2620.00000000
2620.50000000
2621.00000000
2621.50000000
2622.00000000
2622.50000000
2623.00000000
2623.50000000
2624.00000000
2624.50000000
2625.00000000
2625.50000000
2626.00000000
2626.50000000
2627.00000000
2627.50000000
2628.00000000
2628.50000000
2629.00000000
2629.50000000
2630.00000000
2630.50000000
2631.00000000
2631.50000000
2632.00000000
2632.50000000
2633.00000000
2633.50000000
2634.00000000
2634.50000000
2635.00000000
2635.50000000
2636.00000000
2636.50000000
2637.00000000
2637.50000000
2638.00000000
2638.50000000
2639.00000000
2639.50000000
2640.00000000
2640.50000000
2641.00000000
2641.50000000
2642.00000000
2642.50000000
2643.00000000
2643.50000000
2644.00000000
2644.50000000
2645.00000000
2645.50000000
2646.00000000
2646.50000000
2647.00000000
2647.50000000
2648.00000000
2648.50000000
2649.00000000
2649.50000000
2650.00000000
2650.50000000
2651.00000000
2651.50000000
2652.00000000
2652.50000000
2653.00000000
2653.50000000
2654.00000000
2654.50000000
2655.00000000
2655.50000000
2656.00000000
2656.50000000
2657.00000000
2657.50000000
2658.00000000
2658.50000000
2659.00000000
2659.50000000
2660.00000000
2660.50000000
2661.00000000
2661.50000000
2662.00000000
2662.50000000
2663.00000000
2663.50000000
2664.00000000
2664.50000000
2665.00000000
2665.50000000
2666.00000000
2666.50000000
2667.00000000
2667.50000000
2668.00000000
2668.50000000
2669.00000000
2669.50000000
2670.00000000
2670.50000000
2671.00000000
2671.50000000
2672.00000000
2672.50000000
2673.00000000
2673.50000000
2674.00000000
2674.50000000
2675.00000000
2675.50000000
2676.00000000
2676.50000000
2677.00000000
2677.50000000
2678.00000000
2678.50000000
2679.00000000
2679.50000000
2680.00000000
2680.50000000
2681.00000000
2681.50000000
2682.00000000
2682.50000000
2683.00000000
2683.50000000
2684.00000000
2684.50000000
2685.00000000
2685.50000000
2686.00000000
2686.50000000
2687.00000000
2687.50000000
2688.00000000
2688.50000000
2689.00000000
2689.50000000
2690.00000000
2690.50000000
2691.00000000
2691.50000000
2692.00000000
2692.50000000
2693.00000000
2693.50000000
2694.00000000
2694.50000000
2695.00000000
2695.50000000
2696.00000000
2696.50000000
2697.00000000
2697.50000000
2698.00000000
2698.50000000
2699.00000000
2699.50000000
2700.00000000
2700.50000000
2701.00000000
2701.50000000
2702.00000000
2702.50000000
2703.00000000
2703.50000000
2704.00000000
2704.50000000
2705.00000000
2705.50000000
2706.00000000
2706.50000000
2707.00000000
2707.50000000
2708.00000000
2708.50000000
2709.00000000
2709.50000000
2710.00000000
2710.50000000
2711.00000000
2711.50000000
2712.00000000
2712.50000000
2713.00000000
2713.50000000
2714.00000000
2714.50000000
2715.00000000
2715.50000000
2716.00000000
2716.50000000
2717.00000000
2717.50000000
2718.00000000
2718.50000000
2719.00000000
2719.50000000
2720.00000000
2720.50000000
2721.00000000
2721.50000000
2722.00000000
2722.50000000
2723.00000000
2723.50000000
2724.00000000
2724.50000000
2725.00000000
2725.50000000
2726.00000000
2726.50000000
2727.00000000
2727.50000000
2728.00000000
2728.50000000
2729.00000000
2729.50000000
2730.00000000
2730.50000000
2731.00000000
2731.50000000
2732.00000000
2732.50000000
2733.00000000
2733.50000000
2734.00000000
2734.50000000
2735.00000000
2735.50000000
2736.00000000
2736.50000000
2737.00000000
2737.50000000
2738.00000000
2738.50000000
2739.00000000
2739.50000000
2740.00000000
2740.50000000
2741.00000000
2741.50000000
2742.00000000
2742.50000000
2743.00000000
2743.50000000
2744.00000000
2744.50000000
2745.00000000
2745.50000000
2746.00000000
2746.50000000
2747.00000000
2747.50000000
2748.00000000
2748.50000000
2749.00000000
2749.50000000
2750.00000000
2750.50000000
2751.00000000
2751.50000000
2752.00000000
2752.50000000
2753.00000000
2753.50000000
2754.00000000
2754.50000000
2755.00000000
2755.50000000
2756.00000000
2756.50000000
2757.00000000
2757.50000000
2758.00000000
2758.50000000
2759.00000000
2759.50000000
2760.00000000
2760.50000000
2761.00000000
2761.50000000
2762.00000000
2762.50000000
2763.00000000
2763.50000000
2764.00000000
2764.50000000
2765.00000000
2765.50000000
2766.00000000
2766.50000000
2767.00000000
2767.50000000
2768.00000000
2768.50000000
2769.00000000
2769.50000000
2770.00000000
2770.50000000
2771.00000000
2771.50000000
2772.00000000
2772.50000000
2773.00000000
2773.50000000
2774.00000000
2774.50000000
2775.00000000
2775.50000000
2776.00000000
2776.50000000
2777.00000000
2777.50000000
2778.00000000
2778.50000000
2779.00000000
2779.50000000
2780.00000000
2780.50000000
2781.00000000
2781.50000000
2782.00000000
2782.50000000
2783.00000000
2783.50000000
2784.00000000
2784.50000000
2785.00000000
2785.50000000
2786.00000000
2786.50000000
2787.00000000
2787.50000000
2788.00000000
2788.50000000
2789.00000000
2789.50000000
2790.00000000
2790.50000000
2791.00000000
2791.50000000
2792.00000000
2792.50000000
2793.00000000
2793.50000000
2794.00000000
2794.50000000
2795.00000000
2795.50000000
2796.00000000
2796.50000000
2797.00000000
2797.50000000
2798.00000000
2798.50000000
2799.00000000
2799.50000000
2800.00000000
2800.50000000
2801.00000000
2801.50000000
2802.00000000
2802.50000000
2803.00000000
2803.50000000
2804.00000000
2804.50000000
2805.00000000
2805.50000000
2806.00000000
2806.50000000
2807.00000000
2807.50000000
2808.00000000
2808.50000000
2809.00000000
2809.50000000
2810.00000000
2810.50000000
2811.00000000
2811.50000000
2812.00000000
2812.50000000
2813.00000000
2813.50000000
2814.00000000
2814.50000000
2815.00000000
2815.50000000
2816.00000000
2816.50000000
2817.00000000
2817.50000000
2818.00000000
2818.50000000
2819.00000000
2819.50000000
2820.00000000
2820.50000000
2821.00000000
2821.50000000
2822.00000000
2822.50000000
2823.00000000
2823.50000000
2824.00000000
2824.50000000
2825.00000000
2825.50000000
2826.00000000
2826.50000000
2827.00000000
2827.50000000
2828.00000000
2828.50000000
2829.00000000
2829.50000000
2830.00000000
2830.50000000
2831.00000000
2831.50000000
2832.00000000
2832.50000000
2833.00000000
2833.50000000
2834.00000000
2834.50000000
2835.00000000
2835.50000000
2836.00000000
2836.50000000
2837.00000000
2837.50000000
2838.00000000
2838.50000000
2839.00000000
2839.50000000
2840.00000000
2840.50000000
2841.00000000
2841.50000000
2842.00000000
2842.50000000
2843.00000000
2843.50000000
2844.00000000
2844.50000000
2845.00000000
2845.50000000
2846.00000000
2846.50000000
2847.00000000
2847.50000000
2848.00000000
2848.50000000
2849.00000000
2849.50000000
2850.00000000
2850.50000000
2851.00000000
2851.50000000
2852.00000000
2852.50000000
2853.00000000
2853.50000000
2854.00000000
2854.50000000
2855.00000000
2855.50000000
2856.00000000
2856.50000000
2857.00000000
2857.50000000
2858.00000000
2858.50000000
2859.00000000
2859.50000000
2860.00000000
2860.50000000
2861.00000000
2861.50000000
2862.00000000
2862.50000000
2863.00000000
2863.50000000
2864.00000000
2864.50000000
2865.00000000
2865.50000000
2866.00000000
2866.50000000
2867.00000000
2867.50000000
2868.00000000
2868.50000000
2869.00000000
2869.50000000
2870.00000000
2870.50000000
2871.00000000
2871.50000000
2872.00000000
2872.50000000
2873.00000000
2873.50000000
2874.00000000
2874.50000000
2875.00000000
2875.50000000
2876.00000000
2876.50000000
2877.00000000
2877.50000000
2878.00000000
2878.50000000
2879.00000000
2879.50000000
2880.00000000
2880.50000000
2881.00000000
2881.50000000
2882.00000000
2882.50000000
2883.00000000
2883.50000000
2884.00000000
2884.50000000
2885.00000000
2885.50000000
2886.00000000
2886.50000000
2887.00000000
2887.50000000
2888.00000000
2888.50000000
2889.00000000
2889.50000000
2890.00000000
2890.50000000
2891.00000000
2891.50000000
2892.00000000
2892.50000000
2893.00000000
2893.50000000
2894.00000000
2894.50000000
2895.00000000
2895.50000000
2896.00000000
2896.50000000
2897.00000000
2897.50000000
2898.00000000
2898.50000000
2899.00000000
2899.50000000
2900.00000000
2900.50000000
2901.00000000
2901.50000000
2902.00000000
2902.50000000
2903.00000000
2903.50000000
2904.00000000
2904.50000000
2905.00000000
2905.50000000
2906.00000000
2906.50000000
2907.00000000
2907.50000000
2908.00000000
2908.50000000
2909.00000000
2909.50000000
2910.00000000
2910.50000000
2911.00000000
2911.50000000
2912.00000000
2912.50000000
2913.00000000
2913.50000000
2914.00000000
2914.50000000
2915.00000000
2915.50000000
2916.00000000
2916.50000000
2917.00000000
2917.50000000
2918.00000000
2918.50000000
2919.00000000
2919.50000000
2920.00000000
2920.50000000
2921.00000000
2921.50000000
2922.00000000
2922.50000000
2923.00000000
2923.50000000
2924.00000000
2924.50000000
2925.00000000
2925.50000000
2926.00000000
2926.50000000
2927.00000000
2927.50000000
2928.00000000
2928.50000000
2929.00000000
2929.50000000
2930.00000000
2930.50000000
2931.00000000
2931.50000000
2932.00000000
2932.50000000
2933.00000000
2933.50000000
2934.00000000
2934.50000000
2935.00000000
2935.50000000
2936.00000000
2936.50000000
2937.00000000
2937.50000000
2938.00000000
2938.50000000
2939.00000000
2939.50000000
2940.00000000
2940.50000000
2941.00000000
2941.50000000
2942.00000000
2942.50000000
2943.00000000
2943.50000000
2944.00000000
2944.50000000
2945.00000000
2945.50000000
2946.00000000
2946.50000000
2947.00000000
2947.50000000
2948.00000000
2948.50000000
2949.00000000
2949.50000000
2950.00000000
2950.50000000
2951.00000000
2951.50000000
2952.00000000
2952.50000000
2953.00000000
2953.50000000
2954.00000000
2954.50000000
2955.00000000
2955.50000000
2956.00000000
2956.50000000
2957.00000000
2957.50000000
2958.00000000
2958.50000000
2959.00000000
2959.50000000
2960.00000000
2960.50000000
2961.00000000
2961.50000000
2962.00000000
2962.50000000
2963.00000000
2963.50000000
2964.00000000
2964.50000000
2965.00000000
2965.50000000
2966.00000000
2966.50000000
2967.00000000
2967.50000000
2968.00000000
2968.50000000
2969.00000000
2969.50000000
2970.00000000
2970.50000000
2971.00000000
2971.50000000
2972.00000000
2972.50000000
2973.00000000
2973.50000000
2974.00000000
2974.50000000
2975.00000000
2975.50000000
2976.00000000
2976.50000000
2977.00000000
2977.50000000
2978.00000000
2978.50000000
2979.00000000
2979.50000000
2980.00000000
2980.50000000
2981.00000000
2981.50000000
2982.00000000
2982.50000000
2983.00000000
2983.50000000
2984.00000000
2984.50000000
2985.00000000
2985.50000000
2986.00000000
2986.50000000
2987.00000000
2987.50000000
2988.00000000
2988.50000000
2989.00000000
2989.50000000
2990.00000000
2990.50000000
2991.00000000
2991.50000000
2992.00000000
2992.50000000
2993.00000000
2993.50000000
2994.00000000
2994.50000000
2995.00000000
2995.50000000
2996.00000000
2996.50000000
2997.00000000
2997.50000000
2998.00000000
2998.50000000
2999.00000000
2999.50000000
3000.00000000
3000.50000000
3001.00000000
3001.50000000
3002.00000000
3002.50000000
3003.00000000
3003.50000000
3004.00000000
3004.50000000
3005.00000000
3005.50000000
3006.00000000
3006.50000000
3007.00000000
3007.50000000
3008.00000000
3008.50000000
3009.00000000
3009.50000000
3010.00000000
3010.50000000
3011.00000000
3011.50000000
3012.00000000
3012.50000000
3013.00000000
3013.50000000
3014.00000000
3014.50000000
3015.00000000
3015.50000000
3016.00000000
3016.50000000
3017.00000000
3017.50000000
3018.00000000
3018.50000000
3019.00000000
3019.50000000
3020.00000000
3020.50000000
3021.00000000
3021.50000000
3022.00000000
3022.50000000
3023.00000000
3023.50000000
3024.00000000
3024.50000000
3025.00000000
3025.50000000
3026.00000000
3026.50000000
3027.00000000
3027.50000000
3028.00000000
3028.50000000
3029.00000000
3029.50000000
3030.00000000
3030.50000000
3031.00000000
3031.50000000
3032.00000000
3032.50000000
3033.00000000
3033.50000000
3034.00000000
3034.50000000
3035.00000000
3035.50000000
3036.00000000
3036.50000000
3037.00000000
3037.50000000
3038.00000000
3038.50000000
3039.00000000
3039.50000000
3040.00000000
3040.50000000
3041.00000000
3041.50000000
3042.00000000
3042.50000000
3043.00000000
3043.50000000
3044.00000000
3044.50000000
3045.00000000
3045.50000000
3046.00000000
3046.50000000
3047.00000000
3047.50000000
3048.00000000
3048.50000000
3049.00000000
3049.50000000
3050.00000000
3050.50000000
3051.00000000
3051.50000000
3052.00000000
3052.50000000
3053.00000000
3053.50000000
3054.00000000
3054.50000000
3055.00000000
3055.50000000
3056.00000000
3056.50000000
3057.00000000
3057.50000000
3058.00000000
3058.50000000
3059.00000000
3059.50000000
3060.00000000
3060.50000000
3061.00000000
3061.50000000
3062.00000000
3062.50000000
3063.00000000
3063.50000000
3064.00000000
3064.50000000
3065.00000000
3065.50000000
3066.00000000
3066.50000000
3067.00000000
3067.50000000
3068.00000000
3068.50000000
3069.00000000
3069.50000000
3070.00000000
3070.50000000
3071.00000000
3071.50000000
3072.00000000
3072.50000000
3073.00000000
3073.50000000
3074.00000000
3074.50000000
3075.00000000
3075.50000000
3076.00000000
3076.50000000
3077.00000000
3077.50000000
3078.00000000
3078.50000000
3079.00000000
3079.50000000
3080.00000000
3080.50000000
3081.00000000
3081.50000000
3082.00000000
3082.50000000
3083.00000000
3083.50000000
3084.00000000
3084.50000000
3085.00000000
3085.50000000
3086.00000000
3086.50000000
3087.00000000
3087.50000000
3088.00000000
3088.50000000
3089.00000000
3089.50000000
3090.00000000
3090.50000000
3091.00000000
3091.50000000
3092.00000000
3092.50000000
3093.00000000
3093.50000000
3094.00000000
3094.50000000
3095.00000000
3095.50000000
3096.00000000
3096.50000000
3097.00000000
3097.50000000
3098.00000000
3098.50000000
3099.00000000
3099.50000000
3100.00000000
3100.50000000
3101.00000000
3101.50000000
3102.00000000
3102.50000000
3103.00000000
3103.50000000
3104.00000000
3104.50000000
3105.00000000
3105.50000000
3106.00000000
3106.50000000
3107.00000000
3107.50000000
3108.00000000
3108.50000000
3109.00000000
3109.50000000
3110.00000000
3110.50000000
3111.00000000
3111.50000000
3112.00000000
3112.50000000
3113.00000000
3113.50000000
3114.00000000
3114.50000000
3115.00000000
3115.50000000
3116.00000000
3116.50000000
3117.00000000
3117.50000000
3118.00000000
3118.50000000
3119.00000000
3119.50000000
3120.00000000
3120.50000000
3121.00000000
3121.50000000
3122.00000000
3122.50000000
3123.00000000
3123.50000000
3124.00000000
3124.50000000
3125.00000000
3125.50000000
3126.00000000
3126.50000000
3127.00000000
3127.50000000
3128.00000000
3128.50000000
3129.00000000
3129.50000000
3130.00000000
3130.50000000
3131.00000000
3131.50000000
3132.00000000
3132.50000000
3133.00000000
3133.50000000
3134.00000000
3134.50000000
3135.00000000
3135.50000000
3136.00000000
3136.50000000
3137.00000000
3137.50000000
3138.00000000
3138.50000000
3139.00000000
3139.50000000
3140.00000000
3140.50000000
3141.00000000
3141.50000000
3142.00000000
3142.50000000
3143.00000000
3143.50000000
3144.00000000
3144.50000000
3145.00000000
3145.50000000
3146.00000000
3146.50000000
3147.00000000
3147.50000000
3148.00000000
3148.50000000
3149.00000000
3149.50000000
3150.00000000
3150.50000000
3151.00000000
3151.50000000
3152.00000000
3152.50000000
3153.00000000
3153.50000000
3154.00000000
3154.50000000
3155.00000000
3155.50000000
3156.00000000
3156.50000000
3157.00000000
3157.50000000
3158.00000000
3158.50000000
3159.00000000
3159.50000000
3160.00000000
3160.50000000
3161.00000000
3161.50000000
3162.00000000
3162.50000000
3163.00000000
3163.50000000
3164.00000000
3164.50000000
3165.00000000
3165.50000000
3166.00000000
3166.50000000
3167.00000000
3167.50000000
3168.00000000
3168.50000000
3169.00000000
3169.50000000
3170.00000000
3170.50000000
3171.00000000
3171.50000000
3172.00000000
3172.50000000
3173.00000000
3173.50000000
3174.00000000
3174.50000000
3175.00000000
3175.50000000
3176.00000000
3176.50000000
3177.00000000
3177.50000000
3178.00000000
3178.50000000
3179.00000000
3179.50000000
3180.00000000
3180.50000000
3181.00000000
3181.50000000
3182.00000000
3182.50000000
3183.00000000
3183.50000000
3184.00000000
3184.50000000
3185.00000000
3185.50000000
3186.00000000
3186.50000000
3187.00000000
3187.50000000
3188.00000000
3188.50000000
3189.00000000
3189.50000000
3190.00000000
3190.50000000
3191.00000000
3191.50000000
3192.00000000
3192.50000000
3193.00000000
3193.50000000
3194.00000000
3194.50000000
3195.00000000
3195.50000000
3196.00000000
3196.50000000
3197.00000000
3197.50000000
3198.00000000
3198.50000000
3199.00000000
3199.50000000
3200.00000000
3200.50000000
3201.00000000
3201.50000000
3202.00000000
3202.50000000
3203.00000000
3203.50000000
3204.00000000
3204.50000000
3205.00000000
3205.50000000
3206.00000000
3206.50000000
3207.00000000
3207.50000000
3208.00000000
3208.50000000
3209.00000000
3209.50000000
3210.00000000
3210.50000000
3211.00000000
3211.50000000
3212.00000000
3212.50000000
3213.00000000
3213.50000000
3214.00000000
3214.50000000
3215.00000000
3215.50000000
3216.00000000
3216.50000000
3217.00000000
3217.50000000
3218.00000000
3218.50000000
3219.00000000
3219.50000000
3220.00000000
3220.50000000
3221.00000000
3221.50000000
3222.00000000
3222.50000000
3223.00000000
3223.50000000
3224.00000000
3224.50000000
3225.00000000
3225.50000000
3226.00000000
3226.50000000
3227.00000000
3227.50000000
3228.00000000
3228.50000000
3229.00000000
3229.50000000
3230.00000000
3230.50000000
3231.00000000
3231.50000000
3232.00000000
3232.50000000
3233.00000000
3233.50000000
3234.00000000
3234.50000000
3235.00000000
3235.50000000
3236.00000000
3236.50000000
3237.00000000
3237.50000000
3238.00000000
3238.50000000
3239.00000000
3239.50000000
3240.00000000
3240.50000000
3241.00000000
3241.50000000
3242.00000000
3242.50000000
3243.00000000
3243.50000000
3244.00000000
3244.50000000
3245.00000000
3245.50000000
3246.00000000
3246.50000000
3247.00000000
3247.50000000
3248.00000000
3248.50000000
3249.00000000
3249.50000000
3250.00000000
3250.50000000
3251.00000000
3251.50000000
3252.00000000
3252.50000000
3253.00000000
3253.50000000
3254.00000000
3254.50000000
3255.00000000
3255.50000000
3256.00000000
3256.50000000
3257.00000000
3257.50000000
3258.00000000
3258.50000000
3259.00000000
3259.50000000
3260.00000000
3260.50000000
3261.00000000
3261.50000000
3262.00000000
3262.50000000
3263.00000000
3263.50000000
3264.00000000
3264.50000000
3265.00000000
3265.50000000
3266.00000000
3266.50000000
3267.00000000
3267.50000000
3268.00000000
3268.50000000
3269.00000000
3269.50000000
3270.00000000
3270.50000000
3271.00000000
3271.50000000
3272.00000000
3272.50000000
3273.00000000
3273.50000000
3274.00000000
3274.50000000
3275.00000000
3275.50000000
3276.00000000
3276.50000000
3277.00000000
3277.50000000
3278.00000000
3278.50000000
3279.00000000
3279.50000000
3280.00000000
3280.50000000
3281.00000000
3281.50000000
3282.00000000
3282.50000000
3283.00000000
3283.50000000
3284.00000000
3284.50000000
3285.00000000
3285.50000000
3286.00000000
3286.50000000
3287.00000000
3287.50000000
3288.00000000
3288.50000000
3289.00000000
3289.50000000
3290.00000000
3290.50000000
3291.00000000
3291.50000000
3292.00000000
3292.50000000
3293.00000000
3293.50000000
3294.00000000
3294.50000000
3295.00000000
3295.50000000
3296.00000000
3296.50000000
3297.00000000
3297.50000000
3298.00000000
3298.50000000
3299.00000000
3299.50000000
3300.00000000
3300.50000000
3301.00000000
3301.50000000
3302.00000000
3302.50000000
3303.00000000
3303.50000000
3304.00000000
3304.50000000
3305.00000000
3305.50000000
3306.00000000
3306.50000000
3307.00000000
3307.50000000
3308.00000000
3308.50000000
3309.00000000
3309.50000000
3310.00000000
3310.50000000
3311.00000000
3311.50000000
3312.00000000
3312.50000000
3313.00000000
3313.50000000
3314.00000000
3314.50000000
3315.00000000
3315.50000000
3316.00000000
3316.50000000
3317.00000000
3317.50000000
3318.00000000
3318.50000000
3319.00000000
3319.50000000
3320.00000000
3320.50000000
3321.00000000
3321.50000000
3322.00000000
3322.50000000
3323.00000000
3323.50000000
3324.00000000
3324.50000000
3325.00000000
3325.50000000
3326.00000000
3326.50000000
3327.00000000
3327.50000000
3328.00000000
3328.50000000
3329.00000000
3329.50000000
3330.00000000
3330.50000000
3331.00000000
3331.50000000
3332.00000000
3332.50000000
3333.00000000
3333.50000000
3334.00000000
3334.50000000
3335.00000000
3335.50000000
3336.00000000
3336.50000000
3337.00000000
3337.50000000
3338.00000000
3338.50000000
3339.00000000
3339.50000000
3340.00000000
3340.50000000
3341.00000000
3341.50000000
3342.00000000
3342.50000000
3343.00000000
3343.50000000
3344.00000000
3344.50000000
3345.00000000
3345.50000000
3346.00000000
3346.50000000
3347.00000000
3347.50000000
3348.00000000
3348.50000000
3349.00000000
3349.50000000
3350.00000000
3350.50000000
3351.00000000
3351.50000000
3352.00000000
3352.50000000
3353.00000000
3353.50000000
3354.00000000
3354.50000000
3355.00000000
3355.50000000
3356.00000000
3356.50000000
3357.00000000
3357.50000000
3358.00000000
3358.50000000
3359.00000000
3359.50000000
3360.00000000
3360.50000000
3361.00000000
3361.50000000
3362.00000000
3362.50000000
3363.00000000
3363.50000000
3364.00000000
3364.50000000
3365.00000000
3365.50000000
3366.00000000
3366.50000000
3367.00000000
3367.50000000
3368.00000000
3368.50000000
3369.00000000
3369.50000000
3370.00000000
3370.50000000
3371.00000000
3371.50000000
3372.00000000
3372.50000000
3373.00000000
3373.50000000
3374.00000000
3374.50000000
3375.00000000
3375.50000000
3376.00000000
3376.50000000
3377.00000000
3377.50000000
3378.00000000
3378.50000000
3379.00000000
3379.50000000
3380.00000000
3380.50000000
3381.00000000
3381.50000000
3382.00000000
3382.50000000
3383.00000000
3383.50000000
3384.00000000
3384.50000000
3385.00000000
3385.50000000
3386.00000000
3386.50000000
3387.00000000
3387.50000000
3388.00000000
3388.50000000
3389.00000000
3389.50000000
3390.00000000
3390.50000000
3391.00000000
3391.50000000
3392.00000000
3392.50000000
3393.00000000
3393.50000000
3394.00000000
3394.50000000
3395.00000000
3395.50000000
3396.00000000
3396.50000000
3397.00000000
3397.50000000
3398.00000000
3398.50000000
3399.00000000
3399.50000000
3400.00000000
3400.50000000
3401.00000000
3401.50000000
3402.00000000
3402.50000000
3403.00000000
3403.50000000
3404.00000000
3404.50000000
3405.00000000
3405.50000000
3406.00000000
3406.50000000
3407.00000000
3407.50000000
3408.00000000
3408.50000000
3409.00000000
3409.50000000
3410.00000000
3410.50000000
3411.00000000
3411.50000000
3412.00000000
3412.50000000
3413.00000000
3413.50000000
3414.00000000
3414.50000000
3415.00000000
3415.50000000
3416.00000000
3416.50000000
3417.00000000
3417.50000000
3418.00000000
3418.50000000
3419.00000000
3419.50000000
3420.00000000
3420.50000000
3421.00000000
3421.50000000
3422.00000000
3422.50000000
3423.00000000
3423.50000000
3424.00000000
3424.50000000
3425.00000000
3425.50000000
3426.00000000
3426.50000000
3427.00000000
3427.50000000
3428.00000000
3428.50000000
3429.00000000
3429.50000000
3430.00000000
3430.50000000
3431.00000000
3431.50000000
3432.00000000
3432.50000000
3433.00000000
3433.50000000
3434.00000000
3434.50000000
3435.00000000
3435.50000000
3436.00000000
3436.50000000
3437.00000000
3437.50000000
3438.00000000
3438.50000000
3439.00000000
3439.50000000
3440.00000000
3440.50000000
3441.00000000
3441.50000000
3442.00000000
3442.50000000
3443.00000000
3443.50000000
3444.00000000
3444.50000000
3445.00000000
3445.50000000
3446.00000000
3446.50000000
3447.00000000
3447.50000000
3448.00000000
3448.50000000
3449.00000000
3449.50000000
3450.00000000
3450.50000000
3451.00000000
3451.50000000
3452.00000000
3452.50000000
3453.00000000
3453.50000000
3454.00000000
3454.50000000
3455.00000000
3455.50000000
3456.00000000
3456.50000000
3457.00000000
3457.50000000
3458.00000000
3458.50000000
3459.00000000
3459.50000000
3460.00000000
3460.50000000
3461.00000000
3461.50000000
3462.00000000
3462.50000000
3463.00000000
3463.50000000
3464.00000000
3464.50000000
3465.00000000
3465.50000000
3466.00000000
3466.50000000
3467.00000000
3467.50000000
3468.00000000
3468.50000000
3469.00000000
3469.50000000
3470.00000000
3470.50000000
3471.00000000
3471.50000000
3472.00000000
3472.50000000
3473.00000000
3473.50000000
3474.00000000
3474.50000000
3475.00000000
3475.50000000
3476.00000000
3476.50000000
3477.00000000
3477.50000000
3478.00000000
3478.50000000
3479.00000000
3479.50000000
3480.00000000
3480.50000000
3481.00000000
3481.50000000
3482.00000000
3482.50000000
3483.00000000
3483.50000000
3484.00000000
3484.50000000
3485.00000000
3485.50000000
3486.00000000
3486.50000000
3487.00000000
3487.50000000
3488.00000000
3488.50000000
3489.00000000
3489.50000000
3490.00000000
3490.50000000
3491.00000000
3491.50000000
3492.00000000
3492.50000000
3493.00000000
3493.50000000
3494.00000000
3494.50000000
3495.00000000
3495.50000000
3496.00000000
3496.50000000
3497.00000000
3497.50000000
3498.00000000
3498.50000000
3499.00000000
3499.50000000
3500.00000000
