1632.41940690
1632.81068444
1633.20196151
1633.59323810
1633.98451421
1634.37578985
1634.76706500
1635.15833968
1635.54961388
1635.94088760
1636.33216084
1636.72343361
1637.11470590
1637.50597771
1637.89724904
1638.28851989
1638.67979027
1639.07106017
1639.46232959
1639.85359853
1640.24486699
1640.63613498
1641.02740248
1641.41866951
1641.80993607
1642.20120214
1642.59246773
1642.98373285
1643.37499749
1643.76626165
1644.15752534
1644.54878854
1644.94005127
1645.33131352
1645.72257529
1646.11383659
1646.50509740
1646.89635774
1647.28761760
1647.67887698
1648.07013588
1648.46139431
1648.85265226
1649.24390973
1649.63516672
1650.02642323
1650.41767927
1650.80893483
1651.20018990
1651.59144451
1651.98269863
1652.37395228
1652.76520544
1653.15645813
1653.54771034
1653.93896208
1654.33021333
1654.72146411
1655.11271441
1655.50396423
1655.89521358
1656.28646244
1656.67771083
1657.06895874
1657.46020617
1657.85145312
1658.24269960
1658.63394560
1659.02519112
1659.41643616
1659.80768072
1660.19892481
1660.59016842
1660.98141155
1661.37265420
1661.76389637
1662.15513807
1662.54637928
1662.93762002
1663.32886029
1663.72010007
1664.11133938
1664.50257820
1664.89381655
1665.28505442
1665.67629182
1666.06752873
1666.45876517
1666.85000113
1667.24123661
1667.63247162
1668.02370614
1668.41494019
1668.80617376
1669.19740685
1669.58863946
1669.97987160
1670.37110326
1670.76233444
1671.15356514
1671.54479536
1671.93602511
1672.32725438
1672.71848317
1673.10971148
1673.50093931
1673.89216667
1674.28339354
1674.67461994
1675.06584587
1675.45707131
1675.84829627
1676.23952076
1676.63074477
1677.02196830
1677.41319136
1677.80441393
1678.19563603
1678.58685765
1678.97807879
1679.36929946
1679.76051964
1680.15173935
1680.54295858
1680.93417733
1681.32539560
1681.71661340
1682.10783072
1682.49904756
1682.89026392
1683.28147980
1683.67269521
1684.06391013
1684.45512458
1684.84633856
1685.23755205
1685.62876507
1686.01997760
1686.41118966
1686.80240124
1687.19361235
1687.58482297
1687.97603312
1688.36724279
1688.75845198
1689.14966070
1689.54086893
1689.93207669
1690.32328397
1690.71449077
1691.10569709
1691.49690294
1691.88810831
1692.27931320
1692.67051761
1693.06172154
1693.45292500
1693.84412798
1694.23533048
1694.62653250
1695.01773404
1695.40893511
1695.80013569
1696.19133580
1696.58253544
1696.97373459
1697.36493326
1697.75613146
1698.14732918
1698.53852642
1698.92972319
1699.32091947
1699.71211528
1700.10331061
1700.49450546
1700.88569984
1701.27689373
1701.66808715
1702.05928009
1702.45047255
1702.84166453
1703.23285604
1703.62404707
1704.01523762
1704.40642769
1704.79761728
1705.18880640
1705.57999504
1705.97118319
1706.36237088
1706.75355808
1707.14474481
1707.53593105
1707.92711682
1708.31830211
1708.70948693
1709.10067126
1709.49185512
1709.88303850
1710.27422140
1710.66540383
1711.05658577
1711.44776724
1711.83894823
1712.23012874
1712.62130877
1713.01248833
1713.40366741
1713.79484601
1714.18602413
1714.57720177
1714.96837894
1715.35955563
1715.75073184
1716.14190757
1716.53308282
1716.92425760
1717.31543189
1717.70660571
1718.09777906
1718.48895192
1718.88012430
1719.27129621
1719.66246764
1720.05363859
1720.44480907
1720.83597906
1721.22714858
1721.61831762
1722.00948618
1722.40065427
1722.79182187
1723.18298900
1723.57415565
1723.96532182
1724.35648751
1724.74765273
1725.13881747
1725.52998173
1725.92114551
1726.31230881
1726.70347164
1727.09463399
1727.48579586
1727.87695725
1728.26811816
1728.65927860
1729.05043855
1729.44159803
1729.83275703
1730.22391556
1730.61507360
1731.00623117
1731.39738826
1731.78854487
1732.17970101
1732.57085666
1732.96201184
1733.35316654
1733.74432076
1734.13547451
1734.52662777
1734.91778056
1735.30893287
1735.70008470
1736.09123605
1736.48238693
1736.87353733
1737.26468725
1737.65583669
1738.04698565
1738.43813414
1738.82928214
1739.22042967
1739.61157673
1740.00272330
1740.39386940
1740.78501501
1741.17616015
1741.56730481
1741.95844900
1742.34959270
1742.74073593
1743.13187868
1743.52302095
1743.91416275
1744.30530406
1744.69644490
1745.08758526
1745.47872514
1745.86986454
1746.26100347
1746.65214192
1747.04327989
1747.43441738
1747.82555439
1748.21669093
1748.60782699
1748.99896257
1749.39009767
1749.78123229
1750.17236644
1750.56350010
1750.95463329
1751.34576601
1751.73689824
1752.12802999
1752.51916127
1752.91029207
1753.30142239
1753.69255224
1754.08368160
1754.47481049
1754.86593890
1755.25706683
1755.64819429
1756.03932126
1756.43044776
1756.82157378
1757.21269932
1757.60382438
1757.99494897
1758.38607308
1758.77719671
1759.16831986
1759.55944253
1759.95056473
1760.34168645
1760.73280768
1761.12392845
1761.51504873
1761.90616854
1762.29728786
1762.68840671
1763.07952508
1763.47064298
1763.86176039
1764.25287733
1764.64399379
1765.03510977
1765.42622528
1765.81734030
1766.20845485
1766.59956892
1766.99068251
1767.38179562
1767.77290826
1768.16402042
1768.55513210
1768.94624330
1769.33735402
1769.72846427
1770.11957404
1770.51068333
1770.90179214
1771.29290047
1771.68400833
1772.07511570
1772.46622260
1772.85732903
1773.24843497
1773.63954043
1774.03064542
1774.42174993
1774.81285396
1775.20395752
1775.59506059
1775.98616319
1776.37726531
1776.76836695
1777.15946812
1777.55056880
1777.94166901
1778.33276874
1778.72386799
1779.11496676
1779.50606506
1779.89716288
1780.28826022
1780.67935708
1781.07045346
1781.46154937
1781.85264480
1782.24373974
1782.63483422
1783.02592821
1783.41702173
1783.80811476
1784.19920732
1784.59029940
1784.98139101
1785.37248213
1785.76357278
1786.15466295
1786.54575264
1786.93684186
1787.32793059
1787.71901885
1788.11010663
1788.50119393
1788.89228075
1789.28336710
1789.67445297
1790.06553836
1790.45662327
1790.84770770
1791.23879166
1791.62987514
1792.02095814
1792.41204066
1792.80312270
1793.19420427
1793.58528535
1793.97636596
1794.36744610
1794.75852575
1795.14960493
1795.54068362
1795.93176184
1796.32283958
1796.71391685
1797.10499363
1797.49606994
1797.88714577
1798.27822112
1798.66929600
1799.06037039
1799.45144431
1799.84251775
1800.23359071
1800.62466319
1801.01573520
1801.40680673
1801.79787778
1802.18894835
1802.58001844
1802.97108806
1803.36215720
1803.75322586
1804.14429404
1804.53536174
1804.92642897
1805.31749571
1805.70856198
1806.09962778
1806.49069309
1806.88175792
1807.27282228
1807.66388616
1808.05494956
1808.44601249
1808.83707493
1809.22813690
1809.61919839
1810.01025940
1810.40131994
1810.79237999
1811.18343957
1811.57449867
1811.96555729
1812.35661543
1812.74767310
1813.13873029
1813.52978700
1813.92084323
1814.31189898
1814.70295426
1815.09400905
1815.48506337
1815.87611722
1816.26717058
1816.65822347
1817.04927587
1817.44032780
1817.83137925
1818.22243023
1818.61348072
1819.00453074
1819.39558028
1819.78662934
1820.17767793
1820.56872603
1820.95977366
1821.35082081
1821.74186748
1822.13291367
1822.52395939
1822.91500463
1823.30604939
1823.69709367
1824.08813747
1824.47918080
1824.87022365
1825.26126602
1825.65230791
1826.04334932
1826.43439026
1826.82543071
1827.21647069
1827.60751020
1827.99854922
1828.38958776
1828.78062583
1829.17166342
1829.56270053
1829.95373717
1830.34477332
1830.73580900
1831.12684420
1831.51787892
1831.90891317
1832.29994693
1832.69098022
1833.08201303
1833.47304536
1833.86407721
1834.25510859
1834.64613949
1835.03716991
1835.42819985
1835.81922931
1836.21025830
1836.60128681
1836.99231483
1837.38334239
1837.77436946
1838.16539606
1838.55642217
1838.94744781
1839.33847297
1839.72949766
1840.12052186
1840.51154559
1840.90256884
1841.29359161
1841.68461391
1842.07563572
1842.46665706
1842.85767792
1843.24869830
1843.63971820
1844.03073763
1844.42175658
1844.81277505
1845.20379304
1845.59481055
1845.98582759
1846.37684415
1846.76786023
1847.15887583
1847.54989095
1847.94090560
1848.33191976
1848.72293345
1849.11394667
1849.50495940
1849.89597165
1850.28698343
1850.67799473
1851.06900555
1851.46001590
1851.85102576
1852.24203515
1852.63304406
1853.02405249
1853.41506045
1853.80606792
1854.19707492
1854.58808144
1854.97908748
1855.37009304
1855.76109813
1856.15210274
1856.54310687
1856.93411052
1857.32511369
1857.71611639
1858.10711861
1858.49812035
1858.88912161
1859.28012239
1859.67112270
1860.06212252
1860.45312187
1860.84412074
1861.23511914
1861.62611705
1862.01711449
1862.40811145
1862.79910793
1863.19010394
1863.58109946
1863.97209451
1864.36308908
1864.75408317
1865.14507678
1865.53606992
1865.92706258
1866.31805476
1866.70904646
1867.10003768
1867.49102843
1867.88201870
1868.27300849
1868.66399780
1869.05498663
1869.44597499
1869.83696286
1870.22795026
1870.61893719
1871.00992363
1871.40090960
1871.79189508
1872.18288009
1872.57386462
1872.96484868
1873.35583225
1873.74681535
1874.13779797
1874.52878011
1874.91976178
1875.31074296
1875.70172367
1876.09270390
1876.48368365
1876.87466292
1877.26564172
1877.65662004
1878.04759788
1878.43857524
1878.82955212
1879.22052853
1879.61150446
1880.00247991
1880.39345488
1880.78442937
1881.17540339
1881.56637692
1881.95734998
1882.34832257
1882.73929467
1883.13026629
1883.52123744
1883.91220811
1884.30317830
1884.69414802
1885.08511725
1885.47608601
1885.86705429
1886.25802209
1886.64898942
1887.03995626
1887.43092263
1887.82188852
1888.21285393
1888.60381886
1888.99478332
1889.38574730
1889.77671080
1890.16767382
1890.55863636
1890.94959843
1891.34056001
1891.73152112
1892.12248176
1892.51344191
1892.90440159
1893.29536078
1893.68631950
1894.07727774
1894.46823551
1894.85919279
1895.25014960
1895.64110593
1896.03206178
1896.42301716
1896.81397205
1897.20492647
1897.59588041
1897.98683387
1898.37778685
1898.76873936
1899.15969139
1899.55064294
1899.94159401
1900.33254460
1900.72349472
1901.11444436
1901.50539352
1901.89634220
1902.28729040
1902.67823813
1903.06918537
1903.46013214
1903.85107844
1904.24202425
1904.63296958
1905.02391444
1905.41485882
1905.80580272
1906.19674615
1906.58768909
1906.97863156
1907.36957355
1907.76051506
1908.15145610
1908.54239665
1908.93333673
1909.32427633
1909.71521545
1910.10615409
1910.49709226
1910.88802995
1911.27896716
1911.66990389
1912.06084014
1912.45177592
1912.84271122
1913.23364603
1913.62458038
1914.01551424
1914.40644763
1914.79738053
1915.18831296
1915.57924491
1915.97017639
1916.36110738
1916.75203790
1917.14296794
1917.53389750
1917.92482659
1918.31575519
1918.70668332
1919.09761097
1919.48853814
1919.87946483
1920.27039105
1920.66131679
1921.05224205
1921.44316683
1921.83409113
1922.22501496
1922.61593831
1923.00686118
1923.39778357
1923.78870548
1924.17962692
1924.57054787
1924.96146835
1925.35238836
1925.74330788
1926.13422692
1926.52514549
1926.91606358
1927.30698119
1927.69789833
1928.08881498
1928.47973116
1928.87064686
1929.26156208
1929.65247683
1930.04339109
1930.43430488
1930.82521819
1931.21613102
1931.60704337
1931.99795525
1932.38886665
1932.77977757
1933.17068801
1933.56159797
1933.95250746
1934.34341647
1934.73432499
1935.12523305
1935.51614062
1935.90704772
1936.29795433
1936.68886047
1937.07976613
1937.47067132
1937.86157602
1938.25248025
1938.64338400
1939.03428727
1939.42519007
1939.81609238
1940.20699422
1940.59789558
1940.98879646
1941.37969686
1941.77059679
1942.16149624
1942.55239521
1942.94329370
1943.33419171
1943.72508925
1944.11598631
1944.50688289
1944.89777899
1945.28867461
1945.67956976
1946.07046442
1946.46135861
1946.85225233
1947.24314556
1947.63403832
1948.02493059
1948.41582239
1948.80671371
1949.19760456
1949.58849492
1949.97938481
1950.37027422
1950.76116315
1951.15205161
1951.54293958
1951.93382708
1952.32471410
1952.71560064
1953.10648670
1953.49737229
1953.88825740
1954.27914203
1954.67002618
1955.06090985
1955.45179305
1955.84267577
1956.23355801
1956.62443977
1957.01532105
1957.40620186
1957.79708218
1958.18796203
1958.57884140
1958.96972030
1959.36059871
1959.75147665
1960.14235411
1960.53323109
1960.92410760
1961.31498362
1961.70585917
1962.09673424
1962.48760883
1962.87848295
1963.26935658
1963.66022974
1964.05110242
1964.44197462
1964.83284634
1965.22371759
1965.61458836
1966.00545865
1966.39632846
1966.78719779
1967.17806665
1967.56893502
1967.95980292
1968.35067035
1968.74153729
1969.13240376
1969.52326974
1969.91413525
1970.30500028
1970.69586484
1971.08672891
1971.47759251
1971.86845563
1972.25931827
1972.65018044
1973.04104212
1973.43190333
1973.82276406
1974.21362431
1974.60448408
1974.99534338
1975.38620220
1975.77706054
1976.16791840
1976.55877578
1976.94963269
1977.34048912
1977.73134507
1978.12220054
1978.51305553
1978.90391005
1979.29476408
1979.68561764
1980.07647073
1980.46732333
1980.85817545
1981.24902710
1981.63987827
1982.03072896
1982.42157918
1982.81242891
1983.20327817
1983.59412695
1983.98497525
1984.37582308
1984.76667042
1985.15751729
1985.54836368
1985.93920959
1986.33005502
1986.72089998
1987.11174446
1987.50258846
1987.89343198
1988.28427502
1988.67511759
1989.06595967
1989.45680128
1989.84764242
1990.23848307
1990.62932325
1991.02016294
1991.41100216
1991.80184090
1992.19267917
1992.58351695
1992.97435426
1993.36519109
1993.75602744
1994.14686332
1994.53769871
1994.92853363
1995.31936807
1995.71020203
1996.10103551
1996.49186852
1996.88270105
1997.27353310
1997.66436467
1998.05519576
1998.44602638
1998.83685652
1999.22768618
1999.61851536
2000.00934406
2000.40017229
2000.79100003
2001.18182730
2001.57265410
2001.96348041
2002.35430624
2002.74513160
2003.13595648
2003.52678088
2003.91760481
2004.30842825
2004.69925122
2005.09007371
2005.48089572
2005.87171726
2006.26253831
2006.65335889
2007.04417899
2007.43499861
2007.82581775
2008.21663642
2008.60745461
2008.99827232
2009.38908955
2009.77990630
2010.17072258
2010.56153838
2010.95235369
2011.34316854
2011.73398290
2012.12479679
2012.51561019
2012.90642312
2013.29723557
2013.68804755
2014.07885904
2014.46967006
2014.86048060
2015.25129066
2015.64210025
2016.03290935
2016.42371798
2016.81452613
2017.20533380
2017.59614099
2017.98694771
2018.37775395
2018.76855971
2019.15936499
2019.55016979
2019.94097412
2020.33177797
2020.72258134
2021.11338423
2021.50418664
2021.89498858
2022.28579003
2022.67659101
2023.06739152
2023.45819154
2023.84899108
2024.23979015
2024.63058874
2025.02138685
2025.41218449
2025.80298164
2026.19377832
2026.58457452
2026.97537024
2027.36616549
2027.75696025
2028.14775454
2028.53854835
2028.92934168
2029.32013453
2029.71092691
2030.10171881
2030.49251023
2030.88330117
2031.27409163
2031.66488162
2032.05567113
2032.44646015
2032.83724871
2033.22803678
2033.61882438
2034.00961149
2034.40039813
2034.79118429
2035.18196998
2035.57275518
2035.96353991
2036.35432416
2036.74510793
2037.13589123
2037.52667404
2037.91745638
2038.30823824
2038.69901962
2039.08980052
2039.48058095
2039.87136090
2040.26214037
2040.65291936
2041.04369787
2041.43447591
2041.82525347
2042.21603055
2042.60680715
2042.99758327
2043.38835892
2043.77913408
2044.16990877
2044.56068299
2044.95145672
2045.34222997
2045.73300275
2046.12377505
2046.51454687
2046.90531822
2047.29608908
2047.68685947
2048.07762938
2048.46839881
2048.85916777
2049.24993624
2049.64070424
2050.03147176
2050.42223880
2050.81300536
2051.20377145
2051.59453706
2051.98530219
2052.37606684
2052.76683101
2053.15759471
2053.54835793
2053.93912067
2054.32988293
2054.72064471
2055.11140602
2055.50216684
2055.89292719
2056.28368706
2056.67444646
2057.06520537
2057.45596381
2057.84672177
2058.23747925
2058.62823626
2059.01899278
2059.40974883
2059.80050440
2060.19125949
2060.58201410
2060.97276824
2061.36352190
2061.75427508
2062.14502778
2062.53578000
2062.92653175
2063.31728302
2063.70803381
2064.09878412
2064.48953395
2064.88028331
2065.27103218
2065.66178058
2066.05252851
2066.44327595
2066.83402292
2067.22476940
2067.61551541
2068.00626094
2068.39700600
2068.78775057
2069.17849467
2069.56923829
2069.95998143
2070.35072410
2070.74146628
2071.13220799
2071.52294922
2071.91368997
2072.30443024
2072.69517004
2073.08590936
2073.47664820
2073.86738656
2074.25812444
2074.64886185
2075.03959878
2075.43033523
2075.82107120
2076.21180669
2076.60254171
2076.99327624
2077.38401030
2077.77474388
2078.16547699
2078.55620961
2078.94694176
2079.33767343
2079.72840462
2080.11913534
2080.50986557
2080.90059533
2081.29132461
2081.68205341
2082.07278173
2082.46350958
2082.85423695
2083.24496384
2083.63569025
2084.02641618
2084.41714164
2084.80786662
2085.19859112
2085.58931514
2085.98003868
2086.37076175
2086.76148433
2087.15220644
2087.54292808
2087.93364923
2088.32436991
2088.71509010
2089.10580982
2089.49652906
2089.88724783
2090.27796611
2090.66868392
2091.05940125
2091.45011810
2091.84083448
2092.23155037
2092.62226579
2093.01298073
2093.40369519
2093.79440917
2094.18512268
2094.57583571
2094.96654826
2095.35726033
2095.74797192
2096.13868304
2096.52939368
2096.92010384
2097.31081352
2097.70152272
2098.09223145
2098.48293969
2098.87364746
2099.26435476
2099.65506157
2100.04576790
2100.43647376
2100.82717914
2101.21788404
2101.60858847
2101.99929241
2102.38999588
2102.78069887
2103.17140138
2103.56210342
2103.95280497
2104.34350605
2104.73420665
2105.12490677
2105.51560641
2105.90630558
2106.29700427
2106.68770248
2107.07840021
2107.46909746
2107.85979424
2108.25049053
2108.64118635
2109.03188170
2109.42257656
2109.81327095
2110.20396485
2110.59465828
