1632.41940690
1632.81068444
1633.20196151
1633.59323810
1633.98451421
1634.37578985
1634.76706500
1635.15833968
1635.54961388
1635.94088760
1636.33216084
1636.72343361
1637.11470590
1637.50597771
1637.89724904
1638.28851989
1638.67979027
1639.07106017
1639.46232959
1639.85359853
1640.24486699
1640.63613498
1641.02740248
1641.41866951
1641.80993607
1642.20120214
1642.59246773
1642.98373285
1643.37499749
1643.76626165
1644.15752534
1644.54878854
1644.94005127
1645.33131352
1645.72257529
1646.11383659
1646.50509740
1646.89635774
1647.28761760
1647.67887698
1648.07013588
1648.46139431
1648.85265226
1649.24390973
1649.63516672
1650.02642323
1650.41767927
1650.80893483
1651.20018990
1651.59144451
1651.98269863
1652.37395228
1652.76520544
1653.15645813
1653.54771034
1653.93896208
1654.33021333
1654.72146411
1655.11271441
1655.50396423
1655.89521358
1656.28646244
1656.67771083
1657.06895874
1657.46020617
1657.85145312
1658.24269960
1658.63394560
1659.02519112
1659.41643616
1659.80768072
1660.19892481
1660.59016842
1660.98141155
1661.37265420
1661.76389637
1662.15513807
1662.54637928
1662.93762002
1663.32886029
1663.72010007
1664.11133938
1664.50257820
1664.89381655
1665.28505442
1665.67629182
1666.06752873
1666.45876517
1666.85000113
1667.24123661
1667.63247162
1668.02370614
1668.41494019
1668.80617376
1669.19740685
1669.58863946
1669.97987160
1670.37110326
1670.76233444
1671.15356514
1671.54479536
1671.93602511
1672.32725438
1672.71848317
1673.10971148
1673.50093931
1673.89216667
1674.28339354
1674.67461994
1675.06584587
1675.45707131
1675.84829627
1676.23952076
1676.63074477
1677.02196830
1677.41319136
1677.80441393
1678.19563603
1678.58685765
1678.97807879
1679.36929946
1679.76051964
1680.15173935
1680.54295858
1680.93417733
1681.32539560
1681.71661340
1682.10783072
1682.49904756
1682.89026392
1683.28147980
1683.67269521
1684.06391013
1684.45512458
1684.84633856
1685.23755205
1685.62876507
1686.01997760
1686.41118966
1686.80240124
1687.19361235
1687.58482297
1687.97603312
1688.36724279
1688.75845198
1689.14966070
1689.54086893
1689.93207669
1690.32328397
1690.71449077
1691.10569709
1691.49690294
1691.88810831
1692.27931320
1692.67051761
1693.06172154
1693.45292500
1693.84412798
1694.23533048
1694.62653250
1695.01773404
1695.40893511
1695.80013569
1696.19133580
1696.58253544
1696.97373459
1697.36493326
1697.75613146
1698.14732918
1698.53852642
1698.92972319
1699.32091947
1699.71211528
1700.10331061
1700.49450546
1700.88569984
1701.27689373
1701.66808715
1702.05928009
1702.45047255
1702.84166453
1703.23285604
1703.62404707
1704.01523762
1704.40642769
1704.79761728
1705.18880640
1705.57999504
1705.97118319
1706.36237088
1706.75355808
1707.14474481
1707.53593105
1707.92711682
1708.31830211
1708.70948693
1709.10067126
1709.49185512
1709.88303850
1710.27422140
1710.66540383
1711.05658577
1711.44776724
1711.83894823
1712.23012874
1712.62130877
1713.01248833
1713.40366741
1713.79484601
1714.18602413
1714.57720177
1714.96837894
1715.35955563
1715.75073184
1716.14190757
1716.53308282
1716.92425760
1717.31543189
1717.70660571
1718.09777906
1718.48895192
1718.88012430
1719.27129621
1719.66246764
1720.05363859
1720.44480907
1720.83597906
1721.22714858
1721.61831762
1722.00948618
1722.40065427
1722.79182187
1723.18298900
1723.57415565
1723.96532182
1724.35648751
1724.74765273
1725.13881747
1725.52998173
1725.92114551
1726.31230881
1726.70347164
1727.09463399
1727.48579586
1727.87695725
1728.26811816
1728.65927860
1729.05043855
1729.44159803
1729.83275703
1730.22391556
1730.61507360
1731.00623117
1731.39738826
1731.78854487
1732.17970101
1732.57085666
1732.96201184
1733.35316654
1733.74432076
1734.13547451
1734.52662777
1734.91778056
1735.30893287
1735.70008470
1736.09123605
1736.48238693
1736.87353733
1737.26468725
1737.65583669
1738.04698565
1738.43813414
1738.82928214
1739.22042967
1739.61157673
1740.00272330
1740.39386940
1740.78501501
1741.17616015
1741.56730481
1741.95844900
1742.34959270
1742.74073593
1743.13187868
1743.52302095
1743.91416275
1744.30530406
1744.69644490
1745.08758526
1745.47872514
1745.86986454
1746.26100347
1746.65214192
1747.04327989
1747.43441738
1747.82555439
1748.21669093
1748.60782699
1748.99896257
1749.39009767
1749.78123229
1750.17236644
1750.56350010
1750.95463329
1751.34576601
1751.73689824
1752.12802999
1752.51916127
1752.91029207
1753.30142239
1753.69255224
1754.08368160
1754.47481049
1754.86593890
1755.25706683
1755.64819429
1756.03932126
1756.43044776
1756.82157378
1757.21269932
1757.60382438
1757.99494897
1758.38607308
1758.77719671
1759.16831986
1759.55944253
1759.95056473
1760.34168645
1760.73280768
1761.12392845
1761.51504873
1761.90616854
1762.29728786
1762.68840671
1763.07952508
1763.47064298
1763.86176039
1764.25287733
1764.64399379
1765.03510977
1765.42622528
1765.81734030
1766.20845485
1766.59956892
1766.99068251
1767.38179562
1767.77290826
1768.16402042
1768.55513210
1768.94624330
1769.33735402
1769.72846427
1770.11957404
1770.51068333
1770.90179214
1771.29290047
1771.68400833
1772.07511570
1772.46622260
1772.85732903
1773.24843497
1773.63954043
1774.03064542
1774.42174993
1774.81285396
1775.20395752
1775.59506059
1775.98616319
1776.37726531
1776.76836695
1777.15946812
1777.55056880
1777.94166901
1778.33276874
1778.72386799
1779.11496676
1779.50606506
1779.89716288
1780.28826022
1780.67935708
1781.07045346
1781.46154937
1781.85264480
1782.24373974
1782.63483422
1783.02592821
1783.41702173
1783.80811476
1784.19920732
1784.59029940
1784.98139101
1785.37248213
1785.76357278
1786.15466295
1786.54575264
1786.93684186
1787.32793059
1787.71901885
1788.11010663
1788.50119393
1788.89228075
1789.28336710
1789.67445297
1790.06553836
1790.45662327
1790.84770770
1791.23879166
1791.62987514
1792.02095814
1792.41204066
1792.80312270
1793.19420427
1793.58528535
1793.97636596
1794.36744610
1794.75852575
1795.14960493
1795.54068362
1795.93176184
1796.32283958
1796.71391685
1797.10499363
1797.49606994
1797.88714577
1798.27822112
1798.66929600
1799.06037039
1799.45144431
1799.84251775
1800.23359071
1800.62466319
1801.01573520
1801.40680673
1801.79787778
1802.18894835
1802.58001844
1802.97108806
1803.36215720
1803.75322586
1804.14429404
1804.53536174
1804.92642897
1805.31749571
1805.70856198
1806.09962778
1806.49069309
1806.88175792
1807.27282228
1807.66388616
1808.05494956
1808.44601249
1808.83707493
1809.22813690
1809.61919839
1810.01025940
1810.40131994
1810.79237999
1811.18343957
1811.57449867
1811.96555729
1812.35661543
1812.74767310
1813.13873029
1813.52978700
1813.92084323
1814.31189898
1814.70295426
1815.09400905
1815.48506337
1815.87611722
1816.26717058
1816.65822347
1817.04927587
1817.44032780
1817.83137925
1818.22243023
1818.61348072
1819.00453074
1819.39558028
1819.78662934
1820.17767793
1820.56872603
1820.95977366
1821.35082081
1821.74186748
1822.13291367
1822.52395939
1822.91500463
1823.30604939
1823.69709367
1824.08813747
1824.47918080
1824.87022365
1825.26126602
1825.65230791
1826.04334932
1826.43439026
1826.82543071
1827.21647069
1827.60751020
1827.99854922
1828.38958776
1828.78062583
1829.17166342
1829.56270053
1829.95373717
1830.34477332
1830.73580900
1831.12684420
1831.51787892
1831.90891317
1832.29994693
1832.69098022
1833.08201303
1833.47304536
1833.86407721
1834.25510859
1834.64613949
1835.03716991
1835.42819985
1835.81922931
1836.21025830
1836.60128681
1836.99231483
1837.38334239
1837.77436946
1838.16539606
1838.55642217
1838.94744781
1839.33847297
1839.72949766
1840.12052186
1840.51154559
1840.90256884
1841.29359161
1841.68461391
1842.07563572
1842.46665706
1842.85767792
1843.24869830
1843.63971820
1844.03073763
1844.42175658
1844.81277505
1845.20379304
1845.59481055
1845.98582759
1846.37684415
1846.76786023
1847.15887583
1847.54989095
1847.94090560
1848.33191976
1848.72293345
1849.11394667
1849.50495940
1849.89597165
1850.28698343
1850.67799473
1851.06900555
1851.46001590
1851.85102576
1852.24203515
1852.63304406
1853.02405249
1853.41506045
1853.80606792
1854.19707492
1854.58808144
1854.97908748
1855.37009304
1855.76109813
1856.15210274
1856.54310687
1856.93411052
1857.32511369
1857.71611639
1858.10711861
1858.49812035
1858.88912161
1859.28012239
1859.67112270
1860.06212252
1860.45312187
1860.84412074
1861.23511914
1861.62611705
1862.01711449
1862.40811145
1862.79910793
1863.19010394
1863.58109946
1863.97209451
1864.36308908
1864.75408317
1865.14507678
1865.53606992
1865.92706258
1866.31805476
1866.70904646
1867.10003768
1867.49102843
1867.88201870
1868.27300849
1868.66399780
1869.05498663
1869.44597499
1869.83696286
1870.22795026
1870.61893719
1871.00992363
1871.40090960
1871.79189508
1872.18288009
1872.57386462
1872.96484868
1873.35583225
1873.74681535
1874.13779797
1874.52878011
1874.91976178
1875.31074296
1875.70172367
1876.09270390
1876.48368365
1876.87466292
1877.26564172
1877.65662004
1878.04759788
1878.43857524
1878.82955212
1879.22052853
1879.61150446
1880.00247991
1880.39345488
1880.78442937
1881.17540339
1881.56637692
1881.95734998
1882.34832257
1882.73929467
1883.13026629
1883.52123744
1883.91220811
1884.30317830
1884.69414802
1885.08511725
1885.47608601
1885.86705429
1886.25802209
1886.64898942
1887.03995626
1887.43092263
1887.82188852
1888.21285393
1888.60381886
1888.99478332
1889.38574730
1889.77671080
1890.16767382
1890.55863636
1890.94959843
1891.34056001
1891.73152112
1892.12248176
1892.51344191
1892.90440159
1893.29536078
1893.68631950
1894.07727774
1894.46823551
1894.85919279
1895.25014960
1895.64110593
1896.03206178
1896.42301716
1896.81397205
1897.20492647
1897.59588041
1897.98683387
1898.37778685
1898.76873936
1899.15969139
1899.55064294
1899.94159401
1900.33254460
1900.72349472
1901.11444436
1901.50539352
1901.89634220
1902.28729040
1902.67823813
1903.06918537
1903.46013214
1903.85107844
1904.24202425
1904.63296958
1905.02391444
1905.41485882
1905.80580272
1906.19674615
1906.58768909
1906.97863156
1907.36957355
1907.76051506
1908.15145610
1908.54239665
1908.93333673
1909.32427633
1909.71521545
1910.10615409
1910.49709226
1910.88802995
1911.27896716
1911.66990389
1912.06084014
1912.45177592
1912.84271122
1913.23364603
1913.62458038
1914.01551424
1914.40644763
1914.79738053
1915.18831296
1915.57924491
1915.97017639
1916.36110738
1916.75203790
1917.14296794
1917.53389750
1917.92482659
1918.31575519
1918.70668332
1919.09761097
1919.48853814
1919.87946483
1920.27039105
1920.66131679
1921.05224205
1921.44316683
1921.83409113
1922.22501496
1922.61593831
1923.00686118
1923.39778357
1923.78870548
1924.17962692
1924.57054787
1924.96146835
1925.35238836
1925.74330788
1926.13422692
1926.52514549
1926.91606358
1927.30698119
1927.69789833
1928.08881498
1928.47973116
1928.87064686
1929.26156208
1929.65247683
1930.04339109
1930.43430488
1930.82521819
1931.21613102
1931.60704337
1931.99795525
1932.38886665
1932.77977757
1933.17068801
1933.56159797
1933.95250746
1934.34341647
1934.73432499
1935.12523305
1935.51614062
1935.90704772
1936.29795433
1936.68886047
1937.07976613
1937.47067132
1937.86157602
1938.25248025
1938.64338400
1939.03428727
1939.42519007
1939.81609238
1940.20699422
1940.59789558
1940.98879646
1941.37969686
1941.77059679
1942.16149624
1942.55239521
1942.94329370
1943.33419171
1943.72508925
1944.11598631
1944.50688289
1944.89777899
1945.28867461
1945.67956976
1946.07046442
1946.46135861
1946.85225233
1947.24314556
1947.63403832
1948.02493059
1948.41582239
1948.80671371
1949.19760456
1949.58849492
1949.97938481
1950.37027422
1950.76116315
1951.15205161
1951.54293958
1951.93382708
1952.32471410
1952.71560064
1953.10648670
1953.49737229
1953.88825740
1954.27914203
1954.67002618
1955.06090985
1955.45179305
1955.84267577
1956.23355801
1956.62443977
1957.01532105
1957.40620186
1957.79708218
1958.18796203
1958.57884140
1958.96972030
1959.36059871
1959.75147665
1960.14235411
1960.53323109
1960.92410760
1961.31498362
1961.70585917
1962.09673424
1962.48760883
1962.87848295
1963.26935658
1963.66022974
1964.05110242
1964.44197462
1964.83284634
1965.22371759
1965.61458836
1966.00545865
1966.39632846
1966.78719779
1967.17806665
1967.56893502
1967.95980292
1968.35067035
1968.74153729
1969.13240376
1969.52326974
1969.91413525
1970.30500028
1970.69586484
1971.08672891
1971.47759251
1971.86845563
1972.25931827
1972.65018044
1973.04104212
1973.43190333
1973.82276406
1974.21362431
1974.60448408
1974.99534338
1975.38620220
1975.77706054
1976.16791840
1976.55877578
1976.94963269
1977.34048912
1977.73134507
1978.12220054
1978.51305553
1978.90391005
1979.29476408
1979.68561764
1980.07647073
1980.46732333
1980.85817545
1981.24902710
1981.63987827
1982.03072896
1982.42157918
1982.81242891
1983.20327817
1983.59412695
1983.98497525
1984.37582308
1984.76667042
1985.15751729
1985.54836368
1985.93920959
1986.33005502
1986.72089998
1987.11174446
1987.50258846
1987.89343198
1988.28427502
1988.67511759
1989.06595967
1989.45680128
1989.84764242
1990.23848307
1990.62932325
1991.02016294
1991.41100216
1991.80184090
1992.19267917
1992.58351695
1992.97435426
1993.36519109
1993.75602744
1994.14686332
1994.53769871
1994.92853363
1995.31936807
1995.71020203
1996.10103551
1996.49186852
1996.88270105
1997.27353310
1997.66436467
1998.05519576
1998.44602638
1998.83685652
1999.22768618
1999.61851536
2000.00934406
2000.40017229
2000.79100003
2001.18182730
2001.57265410
2001.96348041
2002.35430624
2002.74513160
2003.13595648
2003.52678088
2003.91760481
2004.30842825
2004.69925122
2005.09007371
2005.48089572
2005.87171726
2006.26253831
2006.65335889
2007.04417899
2007.43499861
2007.82581775
2008.21663642
2008.60745461
2008.99827232
2009.38908955
2009.77990630
2010.17072258
2010.56153838
2010.95235369
2011.34316854
2011.73398290
2012.12479679
2012.51561019
2012.90642312
2013.29723557
2013.68804755
2014.07885904
2014.46967006
2014.86048060
2015.25129066
2015.64210025
2016.03290935
2016.42371798
2016.81452613
2017.20533380
2017.59614099
2017.98694771
2018.37775395
2018.76855971
2019.15936499
2019.55016979
2019.94097412
2020.33177797
2020.72258134
2021.11338423
2021.50418664
2021.89498858
2022.28579003
2022.67659101
2023.06739152
2023.45819154
2023.84899108
2024.23979015
2024.63058874
2025.02138685
2025.41218449
2025.80298164
2026.19377832
2026.58457452
2026.97537024
2027.36616549
2027.75696025
2028.14775454
2028.53854835
2028.92934168
2029.32013453
2029.71092691
2030.10171881
2030.49251023
2030.88330117
2031.27409163
2031.66488162
2032.05567113
2032.44646015
2032.83724871
2033.22803678
2033.61882438
2034.00961149
2034.40039813
2034.79118429
2035.18196998
2035.57275518
2035.96353991
2036.35432416
2036.74510793
2037.13589123
2037.52667404
2037.91745638
2038.30823824
2038.69901962
2039.08980052
2039.48058095
2039.87136090
2040.26214037
2040.65291936
2041.04369787
2041.43447591
2041.82525347
2042.21603055
2042.60680715
2042.99758327
2043.38835892
2043.77913408
2044.16990877
2044.56068299
2044.95145672
2045.34222997
2045.73300275
2046.12377505
2046.51454687
2046.90531822
2047.29608908
2047.68685947
2048.07762938
2048.46839881
2048.85916777
2049.24993624
2049.64070424
2050.03147176
2050.42223880
2050.81300536
2051.20377145
2051.59453706
2051.98530219
2052.37606684
2052.76683101
2053.15759471
2053.54835793
2053.93912067
2054.32988293
2054.72064471
2055.11140602
2055.50216684
2055.89292719
2056.28368706
2056.67444646
2057.06520537
2057.45596381
2057.84672177
2058.23747925
2058.62823626
2059.01899278
2059.40974883
2059.80050440
2060.19125949
2060.58201410
2060.97276824
2061.36352190
2061.75427508
2062.14502778
2062.53578000
2062.92653175
2063.31728302
2063.70803381
2064.09878412
2064.48953395
2064.88028331
2065.27103218
2065.66178058
2066.05252851
2066.44327595
2066.83402292
2067.22476940
2067.61551541
2068.00626094
2068.39700600
2068.78775057
2069.17849467
2069.56923829
2069.95998143
2070.35072410
2070.74146628
2071.13220799
2071.52294922
2071.91368997
2072.30443024
2072.69517004
2073.08590936
2073.47664820
2073.86738656
2074.25812444
2074.64886185
2075.03959878
2075.43033523
2075.82107120
2076.21180669
2076.60254171
2076.99327624
2077.38401030
2077.77474388
2078.16547699
2078.55620961
2078.94694176
2079.33767343
2079.72840462
2080.11913534
2080.50986557
2080.90059533
2081.29132461
2081.68205341
2082.07278173
2082.46350958
2082.85423695
2083.24496384
2083.63569025
2084.02641618
2084.41714164
2084.80786662
2085.19859112
2085.58931514
2085.98003868
2086.37076175
2086.76148433
2087.15220644
2087.54292808
2087.93364923
2088.32436991
2088.71509010
2089.10580982
2089.49652906
2089.88724783
2090.27796611
2090.66868392
2091.05940125
2091.45011810
2091.84083448
2092.23155037
2092.62226579
2093.01298073
2093.40369519
2093.79440917
2094.18512268
2094.57583571
2094.96654826
2095.35726033
2095.74797192
2096.13868304
2096.52939368
2096.92010384
2097.31081352
2097.70152272
2098.09223145
2098.48293969
2098.87364746
2099.26435476
2099.65506157
2100.04576790
2100.43647376
2100.82717914
2101.21788404
2101.60858847
2101.99929241
2102.38999588
2102.78069887
2103.17140138
2103.56210342
2103.95280497
2104.34350605
2104.73420665
2105.12490677
2105.51560641
2105.90630558
2106.29700427
2106.68770248
2107.07840021
2107.46909746
2107.85979424
2108.25049053
2108.64118635
2109.03188170
2109.42257656
2109.81327095
2110.20396485
2110.59465828
2110.98535123
2111.37604371
2111.76673570
2112.15742722
2112.54811826
2112.93880882
2113.32949891
2113.72018851
2114.11087764
2114.50156629
2114.89225446
2115.28294215
2115.67362937
2116.06431611
2116.45500237
2116.84568815
2117.23637345
2117.62705828
2118.01774263
2118.40842650
2118.79910989
2119.18979280
2119.58047524
2119.97115719
2120.36183867
2120.75251968
2121.14320020
2121.53388024
2121.92455981
2122.31523890
2122.70591751
2123.09659565
2123.48727330
2123.87795048
2124.26862718
2124.65930340
2125.04997915
2125.44065441
2125.83132920
2126.22200351
2126.61267734
2127.00335069
2127.39402357
2127.78469597
2128.17536789
2128.56603933
2128.95671029
2129.34738078
2129.73805078
2130.12872031
2130.51938937
2130.91005794
2131.30072604
2131.69139365
2132.08206079
2132.47272745
2132.86339364
2133.25405934
2133.64472457
2134.03538932
2134.42605359
2134.81671739
2135.20738070
2135.59804354
2135.98870590
2136.37936778
2136.77002918
2137.16069011
2137.55135056
2137.94201053
2138.33267002
2138.72332903
2139.11398757
2139.50464563
2139.89530321
2140.28596031
2140.67661693
2141.06727308
2141.45792874
2141.84858393
2142.23923865
2142.62989288
2143.02054663
2143.41119991
2143.80185271
2144.19250503
2144.58315688
2144.97380824
2145.36445913
2145.75510954
2146.14575947
2146.53640893
2146.92705790
2147.31770640
2147.70835442
2148.09900196
2148.48964902
2148.88029561
2149.27094172
2149.66158735
2150.05223250
2150.44287717
2150.83352137
2151.22416508
2151.61480832
2152.00545109
2152.39609337
2152.78673518
2153.17737650
2153.56801735
2153.95865772
2154.34929762
2154.73993703
2155.13057597
2155.52121443
2155.91185241
2156.30248992
2156.69312694
2157.08376349
2157.47439956
2157.86503515
2158.25567026
2158.64630490
2159.03693906
2159.42757274
2159.81820594
2160.20883866
2160.59947091
2160.99010268
2161.38073397
2161.77136478
2162.16199511
2162.55262497
2162.94325434
2163.33388324
2163.72451167
2164.11513961
2164.50576707
2164.89639406
2165.28702057
2165.67764660
2166.06827216
2166.45889723
2166.84952183
2167.24014595
2167.63076959
2168.02139276
2168.41201544
2168.80263765
2169.19325938
2169.58388063
2169.97450140
2170.36512170
2170.75574152
2171.14636086
2171.53697972
2171.92759810
2172.31821601
2172.70883344
2173.09945038
2173.49006686
2173.88068285
2174.27129837
2174.66191340
2175.05252796
2175.44314204
2175.83375565
2176.22436877
2176.61498142
2177.00559359
2177.39620528
2177.78681650
2178.17742723
2178.56803749
2178.95864727
2179.34925657
2179.73986539
2180.13047374
2180.52108161
2180.91168900
2181.30229591
2181.69290234
2182.08350830
2182.47411378
2182.86471878
2183.25532330
2183.64592734
2184.03653091
2184.42713399
2184.81773660
2185.20833874
2185.59894039
2185.98954156
2186.38014226
2186.77074248
2187.16134222
2187.55194149
2187.94254027
2188.33313858
2188.72373641
2189.11433376
2189.50493064
2189.89552703
2190.28612295
2190.67671839
2191.06731335
2191.45790783
2191.84850184
2192.23909537
2192.62968842
2193.02028099
2193.41087308
2193.80146470
2194.19205584
2194.58264649
2194.97323668
2195.36382638
2195.75441561
2196.14500435
2196.53559262
2196.92618041
2197.31676773
2197.70735456
2198.09794092
2198.48852680
2198.87911220
2199.26969713
2199.66028157
2200.05086554
2200.44144903
2200.83203204
2201.22261457
2201.61319663
2202.00377821
2202.39435931
2202.78493993
2203.17552007
2203.56609974
2203.95667893
2204.34725764
2204.73783587
2205.12841362
2205.51899090
2205.90956769
2206.30014401
2206.69071986
2207.08129522
2207.47187010
2207.86244451
2208.25301844
2208.64359189
2209.03416487
2209.42473736
2209.81530938
2210.20588092
2210.59645198
2210.98702257
2211.37759267
2211.76816230
2212.15873145
2212.54930012
2212.93986831
2213.33043603
2213.72100327
2214.11157003
2214.50213631
2214.89270211
2215.28326744
2215.67383229
2216.06439665
2216.45496055
2216.84552396
2217.23608690
2217.62664935
2218.01721133
2218.40777283
2218.79833386
2219.18889440
2219.57945447
2219.97001406
2220.36057317
2220.75113181
2221.14168996
2221.53224764
2221.92280484
2222.31336156
2222.70391780
2223.09447357
2223.48502886
2223.87558367
2224.26613800
2224.65669185
2225.04724523
2225.43779813
2225.82835055
2226.21890249
2226.60945395
2227.00000494
2227.39055544
2227.78110547
2228.17165503
2228.56220410
2228.95275269
2229.34330081
2229.73384845
2230.12439561
2230.51494230
2230.90548850
2231.29603423
2231.68657948
2232.07712425
2232.46766855
2232.85821236
2233.24875570
2233.63929856
2234.02984094
2234.42038284
2234.81092427
2235.20146522
2235.59200569
2235.98254568
2236.37308519
2236.76362423
2237.15416279
2237.54470086
2237.93523847
2238.32577559
2238.71631224
2239.10684840
2239.49738409
2239.88791930
2240.27845404
2240.66898829
2241.05952207
2241.45005537
2241.84058819
2242.23112054
2242.62165240
2243.01218379
2243.40271470
2243.79324513
2244.18377508
2244.57430456
2244.96483356
2245.35536208
2245.74589012
2246.13641768
2246.52694477
2246.91747138
2247.30799751
2247.69852316
2248.08904833
2248.47957303
2248.87009724
2249.26062098
2249.65114425
2250.04166703
2250.43218933
2250.82271116
2251.21323251
2251.60375338
2251.99427378
2252.38479369
2252.77531313
2253.16583209
2253.55635057
2253.94686858
2254.33738610
2254.72790315
2255.11841972
2255.50893581
2255.89945142
2256.28996656
2256.68048122
2257.07099540
2257.46150910
2257.85202232
2258.24253507
2258.63304734
2259.02355912
2259.41407044
2259.80458127
2260.19509163
2260.58560150
2260.97611090
2261.36661982
2261.75712827
2262.14763623
2262.53814372
2262.92865073
2263.31915726
2263.70966332
2264.10016889
2264.49067399
2264.88117861
2265.27168275
2265.66218641
2266.05268960
2266.44319231
2266.83369454
2267.22419629
2267.61469756
2268.00519836
2268.39569868
2268.78619852
2269.17669788
2269.56719676
2269.95769517
2270.34819309
2270.73869054
2271.12918752
2271.51968401
2271.91018002
2272.30067556
2272.69117062
2273.08166520
2273.47215931
2273.86265293
2274.25314608
2274.64363875
2275.03413094
2275.42462266
2275.81511389
2276.20560465
2276.59609493
2276.98658473
2277.37707405
2277.76756290
2278.15805127
2278.54853916
2278.93902657
2279.32951350
2279.71999996
2280.11048594
2280.50097143
2280.89145646
2281.28194100
2281.67242507
2282.06290865
2282.45339176
2282.84387439
2283.23435655
2283.62483822
2284.01531942
2284.40580014
2284.79628038
2285.18676015
2285.57723943
2285.96771824
2286.35819657
2286.74867442
2287.13915179
2287.52962869
2287.92010511
2288.31058105
2288.70105651
2289.09153149
2289.48200600
2289.87248003
2290.26295358
2290.65342665
2291.04389924
2291.43437136
2291.82484299
2292.21531415
2292.60578484
2292.99625504
2293.38672476
2293.77719401
2294.16766278
2294.55813107
2294.94859889
2295.33906622
2295.72953308
2296.11999946
2296.51046536
2296.90093079
2297.29139573
2297.68186020
2298.07232419
2298.46278770
2298.85325073
2299.24371329
2299.63417537
2300.02463697
2300.41509809
2300.80555873
2301.19601890
2301.58647859
2301.97693779
2302.36739653
2302.75785478
2303.14831256
2303.53876985
2303.92922667
2304.31968301
2304.71013888
2305.10059426
2305.49104917
2305.88150360
2306.27195755
2306.66241103
2307.05286402
2307.44331654
2307.83376858
2308.22422014
2308.61467122
2309.00512183
2309.39557196
2309.78602161
2310.17647078
2310.56691947
2310.95736769
2311.34781543
2311.73826269
2312.12870947
2312.51915577
2312.90960160
2313.30004694
2313.69049181
2314.08093621
2314.47138012
2314.86182355
2315.25226651
2315.64270899
2316.03315099
2316.42359252
2316.81403356
2317.20447413
2317.59491422
2317.98535383
2318.37579297
2318.76623162
2319.15666980
2319.54710750
2319.93754472
2320.32798146
2320.71841773
2321.10885352
2321.49928883
2321.88972366
2322.28015801
2322.67059189
2323.06102529
2323.45145820
2323.84189065
2324.23232261
2324.62275410
2325.01318510
2325.40361563
2325.79404568
2326.18447526
2326.57490435
2326.96533297
2327.35576111
2327.74618877
2328.13661596
2328.52704266
2328.91746889
2329.30789464
2329.69831991
2330.08874470
2330.47916902
2330.86959286
2331.26001622
2331.65043910
2332.04086150
2332.43128343
2332.82170488
2333.21212585
2333.60254634
2333.99296635
2334.38338589
2334.77380494
2335.16422352
2335.55464163
2335.94505925
2336.33547639
2336.72589306
2337.11630925
2337.50672496
2337.89714020
2338.28755495
2338.67796923
2339.06838303
2339.45879635
2339.84920920
2340.23962156
2340.63003345
2341.02044486
2341.41085579
2341.80126624
2342.19167622
2342.58208572
2342.97249474
2343.36290328
2343.75331134
2344.14371893
2344.53412604
2344.92453266
2345.31493882
2345.70534449
2346.09574969
2346.48615440
2346.87655864
2347.26696240
2347.65736569
2348.04776849
2348.43817082
2348.82857267
2349.21897404
2349.60937494
2349.99977535
2350.39017529
2350.78057475
2351.17097373
2351.56137223
2351.95177026
2352.34216781
2352.73256488
2353.12296147
2353.51335758
2353.90375322
2354.29414838
2354.68454306
2355.07493726
2355.46533098
2355.85572423
2356.24611699
2356.63650928
2357.02690110
2357.41729243
2357.80768328
2358.19807366
2358.58846356
2358.97885298
2359.36924193
2359.75963039
2360.15001838
2360.54040589
2360.93079292
2361.32117948
2361.71156555
2362.10195115
2362.49233627
2362.88272091
2363.27310507
2363.66348876
2364.05387197
2364.44425470
2364.83463695
2365.22501872
2365.61540002
2366.00578084
2366.39616117
2366.78654104
2367.17692042
2367.56729933
2367.95767775
2368.34805570
2368.73843317
2369.12881017
2369.51918668
2369.90956272
2370.29993828
2370.69031336
2371.08068797
2371.47106209
2371.86143574
2372.25180891
2372.64218160
2373.03255381
2373.42292555
2373.81329681
2374.20366759
2374.59403789
2374.98440771
2375.37477706
2375.76514593
2376.15551432
2376.54588223
2376.93624966
2377.32661662
2377.71698309
2378.10734909
2378.49771462
2378.88807966
2379.27844422
2379.66880831
2380.05917192
2380.44953505
2380.83989771
2381.23025988
2381.62062158
2382.01098280
2382.40134354
2382.79170381
2383.18206359
2383.57242290
2383.96278173
2384.35314008
2384.74349795
2385.13385535
2385.52421227
2385.91456871
2386.30492467
2386.69528015
2387.08563516
2387.47598969
2387.86634373
2388.25669731
2388.64705040
2389.03740302
2389.42775515
2389.81810681
2390.20845799
2390.59880870
2390.98915892
2391.37950867
2391.76985794
2392.16020673
2392.55055505
2392.94090288
2393.33125024
2393.72159712
2394.11194352
2394.50228944
2394.89263489
2395.28297986
2395.67332435
2396.06366836
2396.45401189
2396.84435495
2397.23469753
2397.62503963
2398.01538125
2398.40572239
2398.79606306
2399.18640324
2399.57674295
2399.96708219
2400.35742094
2400.74775921
2401.13809701
2401.52843433
2401.91877117
2402.30910754
2402.69944342
2403.08977883
2403.48011376
2403.87044821
2404.26078219
2404.65111568
2405.04144870
2405.43178124
2405.82211330
2406.21244488
2406.60277599
2406.99310662
2407.38343677
2407.77376644
2408.16409563
2408.55442435
2408.94475259
2409.33508034
2409.72540763
2410.11573443
2410.50606076
2410.89638660
2411.28671197
2411.67703686
2412.06736128
2412.45768521
2412.84800867
2413.23833165
2413.62865415
2414.01897618
2414.40929772
2414.79961879
2415.18993938
2415.58025949
2415.97057912
2416.36089828
2417.31194992
2417.70108286
2418.09021657
2418.47935106
2418.86848632
2419.25762235
2419.64675916
2420.03589673
2420.42503508
2420.81417420
2421.20331409
2421.59245475
2421.98159619
2422.37073839
2422.75988137
2423.14902513
2423.53816965
2423.92731494
2424.31646101
2424.70560785
2425.09475546
2425.48390385
2425.87305300
2426.26220293
2426.65135363
2427.04050510
2427.42965734
2427.81881036
2428.20796414
2428.59711870
2428.98627404
2429.37543014
2429.76458701
2430.15374466
2430.54290308
2430.93206227
2431.32122224
2431.71038297
2432.09954448
2432.48870676
2432.87786981
2433.26703363
2433.65619823
2434.04536359
2434.43452973
2434.82369665
2435.21286433
2435.60203278
2435.99120201
2436.38037201
2436.76954278
2437.15871432
2437.54788664
2437.93705973
2438.32623359
2438.71540822
2439.10458362
2439.49375980
2439.88293674
2440.27211446
2440.66129295
2441.05047222
2441.43965225
2441.82883306
2442.21801464
2442.60719699
2442.99638011
2443.38556401
2443.77474868
2444.16393412
2444.55312033
2444.94230731
2445.33149507
2445.72068359
2446.10987289
2446.49906296
2446.88825381
2447.27744542
2447.66663781
2448.05583097
2448.44502490
2448.83421960
2449.22341508
2449.61261133
2450.00180835
2450.39100614
2450.78020470
2451.16940404
2451.55860414
2451.94780502
2452.33700667
2452.72620910
2453.11541229
2453.50461626
2453.89382100
2454.28302651
2454.67223279
2455.06143985
2455.45064768
2455.83985628
2456.22906565
2456.61827579
2457.00748671
2457.39669839
2457.78591085
2458.17512408
2458.56433809
2458.95355286
2459.34276841
2459.73198473
2460.12120182
2460.51041968
2460.89963832
2461.28885773
2461.67807791
2462.06729886
2462.45652058
2462.84574308
2463.23496634
2463.62419038
2464.01341519
2464.40264078
2464.79186713
2465.18109426
2465.57032216
2465.95955083
2466.34878027
2466.73801049
2467.12724148
2467.51647324
2467.90570577
2468.29493907
2468.68417315
2469.07340799
2469.46264361
2469.85188000
2470.24111717
2470.63035510
2471.01959381
2471.40883329
2471.79807354
2472.18731456
2472.57655636
2472.96579893
2473.35504227
2473.74428638
2474.13353126
2474.52277692
2474.91202334
2475.30127054
2475.69051851
2476.07976726
2476.46901677
2476.85826706
2477.24751812
2477.63676995
2478.02602255
2478.41527593
2478.80453008
2479.19378500
2479.58304069
2479.97229715
2480.36155439
2480.75081239
2481.14007117
2481.52933072
2481.91859105
2482.30785214
2482.69711401
2483.08637665
2483.47564006
2483.86490424
2484.25416920
2484.64343493
2485.03270143
2485.42196870
2485.81123674
2486.20050556
2486.58977514
2486.97904550
2487.36831663
2487.75758854
2488.14686121
2488.53613466
2488.92540888
2489.31468387
2489.70395963
2490.09323617
2490.48251348
2490.87179156
2491.26107041
2491.65035003
2492.03963043
2492.42891159
2492.81819353
2493.20747624
2493.59675973
2493.98604398
2494.37532901
2494.76461481
2495.15390138
2495.54318872
2495.93247684
2496.32176573
2496.71105539
2497.10034582
2497.48963702
2497.87892900
2498.26822174
2498.65751526
2499.04680955
2499.43610462
2499.82540045
2500.21469706
2500.60399444
2500.99329259
2501.38259151
2501.77189121
2502.16119168
2502.55049292
2502.93979493
2503.32909771
2503.71840127
2504.10770559
2504.49701069
2504.88631656
2505.27562321
2505.66493062
2506.05423881
2506.44354777
2506.83285750
2507.22216800
2507.61147928
2508.00079133
2508.39010415
2508.77941774
2509.16873210
2509.55804724
2509.94736314
2510.33667982
2510.72599727
2511.11531550
2511.50463449
2511.89395426
2512.28327480
2512.67259611
2513.06191819
2513.45124105
2513.84056468
2514.22988908
2514.61921425
2515.00854019
2515.39786691
2515.78719439
2516.17652265
2516.56585168
2516.95518149
2517.34451206
2517.73384341
2518.12317553
2518.51250842
2518.90184208
2519.29117652
2519.68051173
2520.06984771
2520.45918446
2520.84852198
2521.23786028
2521.62719934
2522.01653918
2522.40587979
2522.79522118
2523.18456333
2523.57390626
2523.96324996
2524.35259443
2524.74193967
2525.13128569
2525.52063248
2525.90998004
2526.29932837
2526.68867747
2527.07802735
2527.46737799
2527.85672941
2528.24608160
2528.63543457
2529.02478830
2529.41414281
2529.80349809
2530.19285414
2530.58221096
2530.97156856
2531.36092693
2531.75028607
2532.13964598
2532.52900666
2532.91836812
2533.30773034
2533.69709334
2534.08645711
2534.47582166
2534.86518697
2535.25455306
2535.64391992
2536.03328755
2536.42265595
2536.81202513
2537.20139508
2537.59076580
2537.98013729
2538.36950955
2538.75888259
2539.14825639
2539.53763097
2539.92700632
2540.31638245
2540.70575934
2541.09513701
2541.48451545
2541.87389466
2542.26327464
2542.65265540
2543.04203693
2543.43141923
2543.82080230
2544.21018614
2544.59957076
2544.98895614
2545.37834230
2545.76772923
2546.15711694
2546.54650541
2546.93589466
2547.32528468
2547.71467547
2548.10406703
2548.49345937
2548.88285248
2549.27224635
2549.66164101
2550.05103643
2550.44043262
2550.82982959
2551.21922733
2551.60862584
2551.99802513
2552.38742518
2552.77682601
2553.16622761
2553.55562998
2553.94503312
2554.33443704
2554.72384173
2555.11324718
2555.50265342
2555.89206042
2556.28146819
2556.67087674
2557.06028606
2557.44969615
2557.83910702
2558.22851865
2558.61793106
2559.00734424
2559.39675819
2559.78617291
2560.17558841
2560.56500468
2560.95442171
2561.34383953
2561.73325811
2562.12267746
2562.51209759
2562.90151849
2563.29094016
2563.68036261
2564.06978582
2564.45920981
2564.84863457
2565.23806010
2565.62748640
2566.01691348
2566.40634133
2566.79576994
2567.18519934
2567.57462950
2567.96406043
2568.35349214
2568.74292462
2569.13235787
2569.52179190
2569.91122669
2570.30066226
2570.69009860
2571.07953571
2571.46897359
2571.85841225
2572.24785168
2572.63729187
2573.02673285
2573.41617459
2573.80561710
2574.19506039
2574.58450445
2574.97394928
2575.36339489
2575.75284126
2576.14228841
2576.53173633
2576.92118502
2577.31063448
2577.70008472
2578.08953573
2578.47898750
2578.86844006
2579.25789338
2579.64734747
2580.03680234
2580.42625798
2580.81571439
2581.20517158
2581.59462953
2581.98408826
2582.37354776
2582.76300803
2583.15246907
2583.54193089
2583.93139348
2584.32085683
2584.71032097
2585.09978587
2585.48925154
2585.87871799
2586.26818521
2586.65765320
2587.04712197
2587.43659150
2587.82606181
2588.21553289
2588.60500474
2588.99447736
2589.38395076
2589.77342493
2590.16289986
2590.55237558
2590.94185206
2591.33132931
2591.72080734
2592.11028614
2592.49976571
2592.88924606
2593.27872717
2593.66820906
2594.05769172
2594.44717515
2594.83665935
2595.22614433
2595.61563008
2596.00511659
2596.39460389
2596.78409195
2597.17358078
2597.56307039
2597.95256077
2598.34205192
2598.73154385
2599.12103654
2599.51053001
2599.90002425
2600.28951926
2600.67901504
2601.06851160
2601.45800893
2601.84750702
2602.23700590
2602.62650554
2603.01600595
2603.40550714
2603.79500910
2604.18451183
2604.57401534
2604.96351961
2605.35302466
2605.74253048
2606.13203707
2606.52154443
2606.91105257
2607.30056148
2607.69007115
2608.07958161
2608.46909283
2608.85860482
2609.24811759
2609.63763113
2610.02714544
2610.41666053
2610.80617638
2611.19569301
2611.58521041
2611.97472858
2612.36424752
2612.75376724
2613.14328773
2613.53280898
2613.92233102
2614.31185382
2614.70137739
2615.09090174
2615.48042686
2615.86995275
2616.25947942
2616.64900685
2617.03853506
2617.42806404
2617.81759379
2618.20712431
2618.59665561
2618.98618768
2619.37572051
2619.76525413
2620.15478851
2620.54432366
2620.93385959
2621.32339629
2621.71293376
2622.10247201
2622.49201102
2622.88155081
2623.27109137
2623.66063270
2624.05017480
2624.43971768
2624.82926133
2625.21880574
2625.60835094
2625.99789690
2626.38744363
2626.77699114
2627.16653942
2627.55608847
2627.94563830
2628.33518889
2628.72474026
2629.11429240
2629.50384531
2629.89339899
2630.28295345
2630.67250868
2631.06206467
2631.45162145
2631.84117899
2632.23073730
2632.62029639
2633.00985625
2633.39941688
2633.78897829
2634.17854046
2634.56810341
2634.95766713
2635.34723162
2635.73679688
2636.12636292
2636.51592973
2636.90549730
2637.29506566
2637.68463478
2638.07420467
2638.46377534
2638.85334678
2639.24291899
2639.63249198
2640.02206573
2640.41164026
2640.80121556
2641.19079163
2641.58036847
2641.96994609
2642.35952448
2642.74910363
2643.13868357
2643.52826427
2643.91784574
2644.30742799
2644.69701101
2645.08659480
2645.47617937
2645.86576470
2646.25535081
2646.64493769
2647.03452534
2647.42411376
2647.81370296
2648.20329293
2648.59288366
2648.98247518
2649.37206746
2649.76166051
2650.15125434
2650.54084894
2650.93044431
2651.32004046
2651.70963737
2652.09923506
2652.48883352
2652.87843275
2653.26803275
2653.65763353
2654.04723508
2654.43683739
2654.82644049
2655.21604435
2655.60564898
2655.99525439
2656.38486057
2656.77446752
2657.16407525
2657.55368374
2657.94329301
2658.33290305
2658.72251386
2659.11212544
2659.50173780
2659.89135093
2660.28096482
2660.67057950
2661.06019494
2661.44981115
2661.83942814
2662.22904590
2662.61866443
2663.00828374
2663.39790381
2663.78752466
2664.17714628
2664.56676867
2664.95639183
2665.34601577
2665.73564048
2666.12526595
2666.51489221
2666.90451923
2667.29414702
2667.68377559
2668.07340493
2668.46303504
2668.85266593
2669.24229758
2669.63193001
2670.02156321
2670.41119718
2670.80083192
2671.19046744
2671.58010373
2671.96974078
2672.35937862
2672.74901722
2673.13865659
2673.52829674
2673.91793766
2674.30757935
2674.69722182
2675.08686505
2675.47650906
2675.86615384
2676.25579939
2676.64544571
2677.03509281
2677.42474068
2677.81438931
2678.20403873
2678.59368891
2678.98333986
2679.37299159
2679.76264409
2680.15229736
2680.54195141
2680.93160622
2681.32126181
2681.71091817
2682.10057530
2682.49023320
2682.87989188
2683.26955133
2683.65921154
2684.04887254
2684.43853430
2684.82819683
2685.21786014
2685.60752422
2685.99718907
2686.38685470
2686.77652109
2687.16618826
2687.55585620
2687.94552491
2688.33519439
2688.72486465
2689.11453568
2689.50420747
2689.89388005
2690.28355339
2690.67322750
2691.06290239
2691.45257805
2691.84225448
2692.23193169
2692.62160966
2693.01128841
2693.40096793
2693.79064822
2694.18032928
2694.57001112
2694.95969373
2695.34937710
2695.73906126
2696.12874618
2696.51843187
2696.90811834
2697.29780558
2697.68749359
2698.07718238
2698.46687193
2698.85656226
2699.24625336
2699.63594523
2700.02563787
2700.41533129
2700.80502548
2701.19472044
2701.58441617
2701.97411267
2702.36380995
2702.75350799
2703.14320681
2703.53290640
2703.92260677
2704.31230790
2704.70200981
2705.09171249
2705.48141594
2705.87112016
2706.26082516
2706.65053093
2707.04023747
2707.42994478
2707.81965286
2708.20936172
2708.59907134
2708.98878174
2709.37849291
2709.76820486
2710.15791757
2710.54763106
2710.93734532
2711.32706035
2711.71677615
2712.10649273
2712.49621008
2712.88592820
2713.27564709
2713.66536675
2714.05508719
2714.44480839
2714.83453037
2715.22425312
2715.61397665
2716.00370094
2716.39342601
2716.78315185
2717.17287846
2717.56260584
2717.95233400
2718.34206293
2718.73179263
2719.12152310
2719.51125434
2719.90098636
2720.29071914
2720.68045270
2721.07018703
2721.45992214
2721.84965801
2722.23939466
2722.62913208
2723.01887027
2723.40860923
2723.79834897
2724.18808948
2724.57783076
2724.96757281
2725.35731563
2725.74705923
2726.13680359
2726.52654873
2726.91629464
2727.30604133
2727.69578878
2728.08553701
2728.47528601
2728.86503578
2729.25478632
2729.64453764
2730.03428973
2730.42404259
2730.81379622
2731.20355062
2731.59330580
2731.98306174
2732.37281846
2732.76257595
2733.15233422
2733.54209325
2733.93185306
2734.32161364
2734.71137499
2735.10113711
2735.49090001
2735.88066368
2736.27042812
2736.66019333
2737.04995931
2737.43972607
2737.82949359
2738.21926189
2738.60903096
2738.99880081
2739.38857142
2739.77834281
2740.16811497
2740.55788790
2740.94766160
2741.33743608
2741.72721133
2742.11698735
2742.50676414
2742.89654170
2743.28632004
2743.67609914
2744.06587902
2744.45565967
2744.84544110
2745.23522329
2745.62500626
2746.01479000
2746.40457451
2746.79435979
2747.18414585
2747.57393268
2747.96372028
2748.35350865
2748.74329779
2749.13308771
2749.52287839
2749.91266985
2750.30246208
2750.69225509
2751.08204886
2751.47184341
2751.86163873
2752.25143482
2752.64123168
2753.03102932
2753.42082773
2753.81062691
2754.20042686
2754.59022758
2754.98002908
2755.36983134
2755.75963438
2756.14943819
2756.53924278
2756.92904813
2757.31885426
2757.70866116
2758.09846883
2758.48827727
2758.87808649
2759.26789648
2759.65770724
2760.04751877
2760.43733107
2760.82714415
2761.21695799
2761.60677261
2761.99658800
2762.38640417
2762.77622110
2763.16603881
2763.55585729
2763.94567654
2764.33549656
2764.72531736
2765.11513893
2765.50496127
2765.89478438
2766.28460826
2766.67443292
2767.06425834
2767.45408454
2767.84391151
2768.23373926
2768.62356777
2769.01339706
2769.40322712
2769.79305795
2770.18288955
2770.57272193
2770.96255508
2771.35238900
2771.74222369
2772.13205915
2772.52189539
2772.91173239
2773.30157017
2773.69140872
2774.08124805
2774.47108814
2774.86092901
2775.25077065
2775.64061306
2776.03045624
2776.42030020
2776.81014493
2777.19999043
2777.58983670
2777.97968374
2778.36953156
2778.75938014
2779.14922950
2779.53907963
2779.92893054
2780.31878221
2780.70863466
2781.09848788
2781.48834187
2781.87819663
2782.26805217
2782.65790848
2783.04776556
2783.43762341
2783.82748203
2784.21734143
2784.60720159
2784.99706253
2785.38692424
2785.77678673
2786.16664998
2786.55651401
2786.94637881
2787.33624438
2787.72611072
2788.11597784
2788.50584573
2788.89571439
2789.28558382
2789.67545402
2790.06532500
2790.45519674
2790.84506926
2791.23494255
2791.62481662
2792.01469145
2792.40456706
2792.79444344
2793.18432059
2793.57419851
2793.96407721
2794.35395668
2794.74383692
2795.13371793
2795.52359971
2795.91348227
2796.30336559
2796.69324969
2797.08313456
2797.47302021
2797.86290662
2798.25279381
2798.64268177
2799.03257050
2799.42246000
2799.81235028
2800.20224133
2800.59213315
2800.98202574
2801.37191910
2801.76181324
2802.15170814
2802.54160382
2802.93150027
2803.32139750
2803.71129549
2804.10119426
2804.49109380
2804.88099411
2805.27089519
2805.66079705
2806.05069968
2806.44060308
2806.83050725
2807.22041219
2807.61031791
2808.00022439
2808.39013165
2808.78003969
2809.16994849
2809.55985806
2809.94976841
2810.33967953
2810.72959142
2811.11950409
2811.50941752
2811.89933173
2812.28924671
2812.67916246
2813.06907898
2813.45899628
2813.84891434
2814.23883318
2814.62875280
2815.01867318
2815.40859433
2815.79851626
2816.18843896
2816.57836243
2816.96828668
2817.35821169
2817.74813748
2818.13806404
2818.52799137
2818.91791947
2819.30784835
2819.69777799
2820.08770841
2820.47763961
2820.86757157
2821.25750430
2821.64743781
2822.03737209
2822.42730714
2822.81724297
2823.20717956
2823.59711693
2823.98705507
2824.37699398
2824.76693366
2825.15687412
2825.54681534
2825.93675734
2826.32670012
2826.71664366
2827.10658797
2827.49653306
2827.88647892
2828.27642555
2828.66637296
2829.05632113
2829.44627008
2829.83621980
2830.22617029
2830.61612155
2831.00607359
2831.39602640
2831.78597997
2832.17593433
2832.56588945
2832.95584534
2833.34580201
2833.73575945
2834.12571766
2834.51567665
2834.90563640
2835.29559693
2835.68555823
2836.07552030
2836.46548314
2836.85544676
2837.24541115
2837.63537630
2838.02534224
2838.41530894
2838.80527641
2839.19524466
2839.58521368
2839.97518347
2840.36515404
2840.75512537
2841.14509748
2841.53507036
2841.92504401
2842.31501843
2842.70499363
2843.09496960
2843.48494633
2843.87492385
2844.26490213
2844.65488118
2845.04486101
2845.43484161
2845.82482298
2846.21480513
2846.60478804
2846.99477173
2847.38475619
2847.77474142
2848.16472742
2848.55471420
2848.94470175
2849.33469006
2849.72467916
2850.11466902
2850.50465965
2850.89465106
2851.28464324
2851.67463619
2852.06462992
2852.45462441
2852.84461968
2853.23461572
2853.62461253
2854.01461011
2854.40460847
2854.79460760
2855.18460750
2855.57460817
2855.96460961
2856.35461183
2856.74461481
2857.13461857
2857.52462310
2857.91462841
2858.30463448
2858.69464133
2859.08464895
2859.47465734
2859.86466650
2860.25467644
2860.64468715
2861.03469863
2861.42471088
2861.81472390
2862.20473770
2862.59475226
2862.98476760
2863.37478371
2863.76480060
2864.15481825
2864.54483668
2864.93485588
2865.32487585
2865.71489659
2866.10491811
2866.49494040
2866.88496346
2867.27498729
2867.66501189
2868.05503727
2868.44506341
2868.83509033
2869.22511802
2869.61514649
2870.00517572
2870.39520573
2870.78523651
2871.17526806
2871.56530038
2871.95533348
2872.34536735
2872.73540199
2873.12543740
2873.51547358
2873.90551054
2874.29554826
2874.68558676
2875.07562603
2875.46566608
2875.85570689
2876.24574848
2876.63579084
2877.02583397
2877.41587787
2877.80592255
2878.19596800
2878.58601422
2878.97606121
2879.36610897
2879.75615751
2880.14620681
2880.53625689
2880.92630774
2881.31635937
2881.70641176
2882.09646493
2882.48651887
2882.87657358
2883.26662906
2883.65668532
2884.04674235
2884.43680015
2884.82685872
2885.21691806
2885.60697818
2885.99703906
2886.38710072
2886.77716315
2887.16722636
2887.55729033
2887.94735508
2888.33742060
2888.72748689
2889.11755395
2889.50762179
2889.89769040
2890.28775978
2890.67782993
2891.06790085
2891.45797255
2891.84804501
2892.23811825
2892.62819226
2893.01826705
2893.40834260
2893.79841893
2894.18849603
2894.57857390
2894.96865254
2895.35873196
2895.74881215
2896.13889311
2896.52897484
2896.91905734
2897.30914062
2897.69922466
2898.08930948
2898.47939507
2898.86948144
2899.25956857
2899.64965648
2900.03974516
2900.42983461
2900.81992483
2901.21001583
2901.60010760
2901.99020014
2902.38029345
2902.77038753
2903.16048239
2903.55057801
2903.94067441
2904.33077158
2904.72086953
2905.11096824
2905.50106773
2905.89116799
2906.28126902
2906.67137082
2907.06147340
2907.45157675
2907.84168087
2908.23178576
2908.62189142
2909.01199786
2909.40210506
2909.79221304
2910.18232180
2910.57243132
2910.96254161
2911.35265268
2911.74276452
2912.13287713
2912.52299052
2912.91310467
2913.30321960
2913.69333530
2914.08345177
2914.47356901
2914.86368703
2915.25380581
2915.64392537
2916.03404571
2916.42416681
2916.81428868
2917.20441133
2917.59453475
2917.98465894
2918.37478391
2918.76490964
2919.15503615
2919.54516343
2919.93529148
2920.32542030
2920.71554990
2921.10568026
2921.49581140
2921.88594332
2922.27607600
2922.66620945
2923.05634368
2923.44647868
2923.83661445
2924.22675100
2924.61688831
2925.00702640
2925.39716526
2925.78730489
2926.17744529
2926.56758647
2926.95772842
2927.34787113
2927.73801463
2928.12815889
2928.51830392
2928.90844973
2929.29859631
2929.68874366
2930.07889179
2930.46904068
2930.85919035
2931.24934079
2931.63949200
2932.02964398
2932.41979674
2932.80995027
2933.20010456
2933.59025964
2933.98041548
2934.37057209
2934.76072948
2935.15088764
2935.54104657
2935.93120628
2936.32136675
2936.71152800
2937.10169002
2937.49185281
2937.88201637
2938.27218071
2938.66234582
2939.05251170
2939.44267835
2939.83284577
2940.22301397
2940.61318293
2941.00335267
2941.39352318
2941.78369447
2942.17386652
2942.56403935
2942.95421295
2943.34438732
2943.73456246
2944.12473838
2944.51491507
2944.90509253
2945.29527076
2945.68544976
2946.07562954
2946.46581008
2946.85599140
2947.24617349
2947.63635636
2948.02653999
2948.41672440
2948.80690958
2949.19709553
2949.58728225
2949.97746975
2950.36765802
2950.75784706
2951.14803687
2951.53822745
2951.92841881
2952.31861093
2952.70880383
2953.09899750
2953.48919195
2953.87938716
2954.26958315
2954.65977991
2955.04997744
2955.44017574
2955.83037482
2956.22057467
2956.61077529
2957.00097668
2957.39117884
2957.78138178
2958.17158548
2958.56178996
2958.95199521
2959.34220124
2959.73240803
2960.12261560
2960.51282394
2960.90303305
2961.29324293
2961.68345359
2962.07366502
2962.46387722
2962.85409019
2963.24430393
2963.63451845
2964.02473373
2964.41494979
2964.80516662
2965.19538423
2965.58560260
2965.97582175
2966.36604167
2966.75626236
2967.14648382
2967.53670606
2967.92692907
2968.31715285
2968.70737740
2969.09760272
2969.48782882
2969.87805568
2970.26828332
2970.65851173
2971.04874092
2971.43897087
2971.82920160
2972.21943310
2972.60966537
2972.99989841
2973.39013223
2973.78036682
2974.17060218
2974.56083831
2974.95107521
2975.34131289
2975.73155133
2976.12179055
2976.51203054
2976.90227131
2977.29251284
2977.68275515
2978.07299823
2978.46324208
2978.85348670
2979.24373210
2979.63397827
2980.02422521
2980.41447292
2980.80472140
2981.19497066
2981.58522068
2981.97547148
2982.36572306
2982.75597540
2983.14622851
2983.53648240
2983.92673706
2984.31699249
2984.70724870
2985.09750567
2985.48776342
2985.87802194
2986.26828123
2986.65854129
2987.04880213
2987.43906373
2987.82932611
2988.21958927
2988.60985319
2989.00011788
2989.39038335
2989.78064959
2990.17091660
2990.56118439
2990.95145294
2991.34172227
2991.73199237
2992.12226324
2992.51253488
2992.90280730
2993.29308048
2993.68335444
2994.07362918
2994.46390468
2994.85418095
2995.24445800
2995.63473582
2996.02501441
2996.41529378
2996.80557391
2997.19585482
2997.58613650
2997.97641895
2998.36670217
2998.75698617
2999.14727094
2999.53755647
2999.92784279
3000.31812987
3000.70841772
3001.09870635
3001.48899575
3001.87928592
3002.26957687
3002.65986858
3003.05016107
3003.44045433
3003.83074836
3004.22104316
3004.61133874
3005.00163509
3005.39193220
3005.78223010
3006.17252876
3006.56282819
3006.95312840
3007.34342938
3007.73373113
3008.12403366
3008.51433695
3008.90464102
3009.29494586
3009.68525147
3010.07555785
3010.46586501
3010.85617294
3011.24648164
3011.63679111
3012.02710135
3012.41741237
3012.80772415
3013.19803671
3013.58835004
3013.97866415
3014.36897902
3014.75929467
3015.14961109
3015.53992828
3015.93024624
3016.32056498
3016.71088449
3017.10120477
3017.49152582
3017.88184764
3018.27217024
3018.66249360
3019.05281774
3019.44314265
3019.83346834
3020.22379479
3020.61412202
3021.00445002
3021.39477879
3021.78510833
3022.17543865
3022.56576974
3022.95610160
3023.34643423
3023.73676763
3024.12710181
3024.51743675
3024.90777247
3025.29810896
3025.68844623
3026.07878426
3026.46912307
3026.85946265
3027.24980300
3027.64014412
3028.03048602
3028.42082869
3028.81117213
3029.20151634
3029.59186132
3029.98220708
3030.37255360
3030.76290090
3031.15324897
3031.54359782
3031.93394743
3032.32429782
3032.71464898
3033.10500091
3033.49535361
3033.88570709
3034.27606134
3034.66641636
3035.05677215
3035.44712871
3035.83748605
3036.22784415
3036.61820303
3037.00856268
3037.39892311
3037.78928430
3038.17964627
3038.57000901
3038.96037252
3039.35073680
3039.74110186
3040.13146769
3040.52183429
3040.91220166
3041.30256980
3041.69293872
3042.08330840
3042.47367886
3042.86405010
3043.25442210
3043.64479487
3044.03516842
3044.42554274
3044.81591783
3045.20629370
3045.59667033
3045.98704774
3046.37742592
3046.76780487
3047.15818459
3047.54856509
3047.93894635
3048.32932839
3048.71971121
3049.11009479
3049.50047914
3049.89086427
3050.28125017
3050.67163684
3051.06202429
3051.45241250
3051.84280149
3052.23319125
3052.62358178
3053.01397308
3053.40436516
3053.79475801
3054.18515162
3054.57554602
3054.96594118
3055.35633711
3055.74673382
3056.13713130
3056.52752955
3056.91792858
3057.30832837
3057.69872894
3058.08913028
3058.47953239
3058.86993527
3059.26033893
3059.65074336
3060.04114855
3060.43155453
3060.82196127
3061.21236878
3061.60277707
3061.99318613
3062.38359596
3062.77400657
3063.16441794
3063.55483009
3063.94524301
3064.33565670
3064.72607116
3065.11648640
3065.50690241
3065.89731919
3066.28773674
3066.67815506
3067.06857416
3067.45899402
3067.84941466
3068.23983607
3068.63025826
3069.02068121
3069.41110494
3069.80152944
3070.19195471
3070.58238075
3070.97280757
3071.36323516
3071.75366352
3072.14409265
3072.53452255
3072.92495323
3073.31538467
3073.70581689
3074.09624988
3074.48668365
3074.87711818
3075.26755349
3075.65798957
3076.04842642
3076.43886404
3076.82930244
3077.21974161
3077.61018155
3078.00062226
3078.39106374
3078.78150600
3079.17194902
3079.56239282
3079.95283739
3080.34328274
3080.73372885
3081.12417574
3081.51462340
3081.90507183
3082.29552103
3082.68597101
3083.07642176
3083.46687328
3083.85732557
3084.24777863
3084.63823247
3085.02868707
3085.41914245
3085.80959860
3086.20005553
3086.59051322
3086.98097169
3087.37143093
3087.76189094
3088.15235172
3088.54281328
3088.93327561
3089.32373871
3089.71420258
3090.10466722
3090.49513264
3090.88559882
3091.27606578
3091.66653351
3092.05700202
3092.44747129
3092.83794134
3093.22841216
3093.61888375
3094.00935611
3094.39982925
3094.79030316
3095.18077784
3095.57125329
3095.96172951
3096.35220651
3096.74268427
3097.13316281
3097.52364213
3097.91412221
3098.30460306
3098.69508469
3099.08556709
3099.47605026
3099.86653421
3100.25701892
3100.64750441
3101.03799067
3101.42847770
3101.81896550
3102.20945408
3102.59994342
3102.99043354
3103.38092444
3103.77141610
3104.16190853
3104.55240174
3104.94289572
3105.33339047
3105.72388600
3106.11438229
3106.50487936
3106.89537720
3107.28587581
3107.67637519
3108.06687535
3108.45737628
3108.84787797
3109.23838045
3109.62888369
3110.01938770
3110.40989249
3110.80039805
3111.19090438
3111.58141149
3111.97191936
3112.36242801
3112.75293743
3113.14344762
3113.53395858
3113.92447032
3114.31498283
3114.70549610
3115.09601016
3115.48652498
3115.87704058
3116.26755694
3116.65807408
3117.04859199
3117.43911068
3117.82963013
3118.22015036
3118.61067136
3119.00119313
3119.39171567
3119.78223899
3120.17276308
3120.56328794
3120.95381357
3121.34433997
3121.73486715
3122.12539509
3122.51592381
3122.90645330
3123.29698357
3123.68751460
3124.07804641
3124.46857899
3124.85911234
3125.24964646
3125.64018136
3126.03071703
3126.42125347
3126.81179068
3127.20232866
3127.59286742
3127.98340694
3128.37394724
3128.76448831
3129.15503016
3129.54557277
3129.93611616
3130.32666032
3130.71720525
3131.10775095
3131.49829743
3131.88884468
3132.27939270
3132.66994149
3133.06049105
3133.45104139
3133.84159249
3134.23214437
3134.62269702
3135.01325045
3135.40380464
3135.79435961
3136.18491535
3136.57547186
3136.96602914
3137.35658720
3137.74714603
3138.13770563
3138.52826600
3138.91882714
3139.30938906
3139.69995174
3140.09051520
3140.48107943
3140.87164444
3141.26221021
3141.65277676
3142.04334408
3142.43391217
3142.82448103
3143.21505067
3143.60562108
3143.99619226
3144.38676421
3144.77733693
3145.16791043
3145.55848469
3145.94905973
3146.33963555
3146.73021213
3147.12078948
3147.51136761
3147.90194651
3148.29252618
3148.68310663
3149.07368784
3149.46426983
3149.85485259
3150.24543612
3150.63602042
3151.02660550
3151.41719134
3151.80777796
3152.19836536
3152.58895352
3152.97954245
3153.37013216
3153.76072264
3154.15131389
3154.54190592
3154.93249871
3155.32309228
3155.71368662
3156.10428173
3156.49487761
3156.88547427
3157.27607170
3157.66666989
3158.05726887
3158.44786861
3158.83846912
3159.22907041
3159.61967247
3160.01027530
3160.40087891
3160.79148328
3161.18208843
3161.57269435
3161.96330104
3162.35390850
3162.74451674
3163.13512575
3163.52573553
3163.91634608
3164.30695740
3164.69756950
3165.08818236
3165.47879600
3165.86941041
3166.26002560
3166.65064155
3167.04125828
3167.43187578
3167.82249405
3168.21311309
3168.60373291
3168.99435350
3169.38497486
3169.77559699
3170.16621989
3170.55684357
3170.94746801
3171.33809323
3171.72871922
3172.11934599
3172.50997352
3172.90060183
3173.29123091
3173.68186076
3174.07249138
3174.46312278
3174.85375495
3175.24438789
3175.63502160
3176.02565608
3176.41629134
3176.80692736
3177.19756416
3177.58820173
3177.97884008
3178.36947919
3178.76011908
3179.15075974
3179.54140117
3179.93204337
3180.32268635
3180.71333010
3181.10397462
3181.49461991
3181.88526597
3182.27591281
3182.66656041
3183.05720879
3183.44785794
3183.83850787
3184.22915856
3184.61981003
3185.01046227
3185.40111528
3185.79176906
3186.18242362
3186.57307895
3186.96373505
3187.35439192
3187.74504956
3188.13570798
3188.52636716
3188.91702712
3189.30768786
3189.69834936
3190.08901163
3190.47967468
3190.87033850
3191.26100309
3191.65166846
3192.04233459
3192.43300150
3192.82366918
3193.21433763
3193.60500685
3193.99567685
3194.38634761
3194.77701915
3195.16769147
3195.55836455
3195.94903840
3196.33971303
3196.73038843
3197.12106460
3197.51174155
3197.90241926
3198.29309775
3198.68377701
3199.07445704
3199.46513784
3199.85581942
3200.24650177
3200.63718488
3201.02786878
3201.41855344
3201.80923887
3202.19992508
3202.59061206
3202.98129981
3203.37198834
3203.76267763
3204.15336770
3204.54405854
3204.93475015
3205.32544253
3205.71613569
3206.10682962
3206.49752432
3206.88821979
3207.27891603
3207.66961305
3208.06031083
3208.45100939
3208.84170872
3209.23240883
3209.62310970
3210.01381135
3210.40451377
3210.79521696
3211.18592092
3211.57662566
3211.96733117
3212.35803745
3212.74874450
3213.13945232
3213.53016092
3213.92087028
3214.31158042
3214.70229133
3215.09300302
3215.48371547
3215.87442870
3216.26514270
3216.65585747
3217.04657301
3217.43728933
3217.82800642
3218.21872428
3218.60944291
3219.00016231
3219.39088249
3219.78160343
3220.17232515
3220.56304764
3220.95377091
3221.34449494
3221.73521975
3222.12594533
3222.51667168
3222.90739880
3223.29812670
3223.68885537
3224.07958481
3224.47031502
3224.86104600
3225.25177776
3225.64251028
3226.03324358
3226.42397765
3226.81471250
3227.20544811
3227.59618450
3227.98692166
3228.37765959
3228.76839830
3229.15913777
3229.54987802
3229.94061904
3230.33136083
3230.72210339
3231.11284673
3231.50359083
3231.89433571
3232.28508137
3232.67582779
3233.06657498
3233.45732295
3233.84807169
3234.23882120
3234.62957149
3235.02032254
3235.41107437
3235.80182697
3236.19258034
3236.58333448
3236.97408940
3237.36484509
3237.75560154
3238.14635878
3238.53711678
3238.92787555
3239.31863510
3239.70939542
3240.10015651
3240.49091838
3240.88168101
3241.27244442
3241.66320860
3242.05397355
3242.44473927
3242.83550577
3243.22627304
3243.61704107
3244.00780989
3244.39857947
3244.78934983
3245.18012095
3245.57089285
3245.96166552
3246.35243897
3246.74321318
3247.13398817
3247.52476393
3247.91554046
3248.30631776
3248.69709584
3249.08787469
3249.47865431
3249.86943470
3250.26021586
3250.65099780
3251.04178050
3251.43256398
3251.82334823
3252.21413326
3252.60491905
3252.99570562
3253.38649296
3253.77728107
3254.16806995
3254.55885961
3254.94965004
3255.34044124
3255.73123321
3256.12202595
3256.51281947
3256.90361375
3257.29440881
3257.68520464
3258.07600125
3258.46679862
3258.85759677
3259.24839569
3259.63919538
3260.02999584
3260.42079708
3260.81159909
3261.20240187
3261.59320542
3261.98400974
3262.37481484
3262.76562070
3263.15642734
3263.54723475
3263.93804294
3264.32885189
3264.71966162
3265.11047212
3265.50128339
3265.89209543
3266.28290825
3266.67372184
3267.06453620
3267.45535133
3267.84616723
3268.23698391
3268.62780135
3269.01861957
3269.40943857
3269.80025833
3270.19107886
3270.58190017
3270.97272225
3271.36354510
3271.75436873
3272.14519312
3272.53601829
3272.92684423
3273.31767094
3273.70849842
3274.09932668
3274.49015571
3274.88098550
3275.27181608
3275.66264742
3276.05347953
3276.44431242
3276.83514608
3277.22598051
3277.61681572
3278.00765169
3278.39848844
3278.78932596
3279.18016425
3279.57100331
3279.96184315
3280.35268376
3280.74352513
3281.13436729
3281.52521021
3281.91605391
3282.30689837
3282.69774361
3283.08858962
3283.47943641
3283.87028396
3284.26113229
3284.65198139
3285.04283126
3285.43368190
3285.82453332
3286.21538551
3286.60623847
3286.99709220
3287.38794670
3287.77880198
3288.16965802
3288.56051484
3288.95137243
3289.34223080
3289.73308993
3290.12394984
3290.51481052
3290.90567197
3291.29653419
3291.68739719
3292.07826096
3292.46912550
3292.85999081
3293.25085689
3293.64172375
3294.03259137
3294.42345977
3294.81432894
3295.20519889
3295.59606960
3295.98694109
3296.37781335
3296.76868638
3297.15956018
3297.55043476
3297.94131011
3298.33218623
3298.72306312
3299.11394078
3299.50481922
3299.89569842
3300.28657840
3300.67745915
3301.06834068
3301.45922297
3301.85010604
3302.24098988
3302.63187449
3303.02275988
3303.41364603
3303.80453296
3304.19542066
3304.58630913
3304.97719837
3305.36808839
3305.75897917
3306.14987073
3306.54076307
3306.93165617
3307.32255004
3307.71344469
3308.10434011
3308.49523630
3308.88613327
3309.27703100
3309.66792951
3310.05882879
3310.44972884
3310.84062966
3311.23153126
3311.62243363
3312.01333676
3312.40424068
3312.79514536
3313.18605081
3313.57695704
3313.96786404
3314.35877181
3314.74968036
3315.14058967
3315.53149976
3315.92241062
3316.31332225
3316.70423465
3317.09514783
3317.48606178
3317.87697650
3318.26789199
3318.65880825
3319.04972529
3319.44064309
3319.83156167
3320.22248102
3320.61340115
3321.00432204
3321.39524371
3321.78616615
3322.17708936
3322.56801334
3322.95893810
3323.34986363
3323.74078993
3324.13171700
3324.52264484
3324.91357346
3325.30450284
3325.69543300
3326.08636393
3326.47729564
3326.86822811
3327.25916136
3327.65009538
3328.04103017
3328.43196573
3328.82290207
3329.21383918
3329.60477706
3329.99571571
3330.38665513
3330.77759533
3331.16853629
3331.55947803
3331.95042054
3332.34136383
3332.73230788
3333.12325271
3333.51419831
3333.90514468
3334.29609182
3334.68703974
3335.07798843
3335.46893789
3335.85988812
3336.25083912
3336.64179090
3337.03274344
3337.42369676
3337.81465086
3338.20560572
3338.59656135
3338.98751776
3339.37847494
3339.76943289
3340.16039162
3340.55135111
3340.94231138
3341.33327242
3341.72423423
3342.11519681
3342.50616017
3342.89712429
3343.28808919
3343.67905487
3344.07002131
3344.46098852
3344.85195651
3345.24292527
3345.63389480
3346.02486511
3346.41583618
3346.80680803
3347.19778065
3347.58875404
3347.97972820
3348.37070314
3348.76167885
3349.15265532
3349.54363258
3349.93461060
3350.32558940
3350.71656896
3351.10754930
3351.49853041
3351.88951230
3352.28049495
3352.67147838
3353.06246258
3353.45344755
3353.84443329
3354.23541981
3354.62640710
3355.01739516
3355.40838399
3355.79937359
3356.19036397
3356.58135511
3356.97234703
3357.36333972
3357.75433319
3358.14532742
3358.53632243
3358.92731821
3359.31831476
3359.70931208
3360.10031018
3360.49130905
3360.88230869
3361.27330910
3361.66431028
3362.05531224
3362.44631496
3362.83731846
3363.22832273
3363.61932778
3364.01033359
3364.40134018
3364.79234754
3365.18335567
3365.57436457
3365.96537425
3366.35638470
3366.74739592
3367.13840791
3367.52942067
3367.92043421
3368.31144851
3368.70246359
3369.09347944
3369.48449607
3369.87551346
3370.26653163
3370.65755057
3371.04857028
3371.43959077
3371.83061202
3372.22163405
3372.61265685
3373.00368042
3373.39470476
3373.78572988
3374.17675576
3374.56778242
3374.95880986
3375.34983806
3375.74086703
3376.13189678
3376.52292730
3376.91395859
3377.30499066
3377.69602349
3378.08705710
3378.47809148
3378.86912663
3379.26016255
3379.65119925
3380.04223672
3380.43327495
3380.82431397
3381.21535375
3381.60639430
3381.99743563
3382.38847773
3382.77952060
3383.17056425
3383.56160866
3383.95265385
3384.34369981
3384.73474654
3385.12579404
3385.51684232
3385.90789137
3386.29894119
3386.68999178
3387.08104314
3387.47209528
3387.86314818
3388.25420186
3388.64525631
3389.03631154
3389.42736753
3389.81842430
3390.20948184
3390.60054015
3390.99159923
3391.38265909
3391.77371972
3392.16478112
3392.55584329
3392.94690623
3393.33796995
3393.72903443
3394.12009969
3394.51116572
3394.90223253
3395.29330010
3395.68436845
3396.07543757
3396.46650746
3396.85757812
3397.24864956
3397.63972177
3398.03079475
3398.42186850
3398.81294302
3399.20401832
3399.59509438
3399.98617122
3400.37724883
3400.76832722
3401.15940637
3401.55048630
3401.94156700
3402.33264847
3402.72373072
3403.11481373
3403.50589752
3403.89698208
3404.28806741
3404.67915351
3405.07024039
3405.46132803
3405.85241645
3406.24350565
3406.63459561
3407.02568634
3407.41677785
3407.80787013
3408.19896318
3408.59005701
3408.98115160
3409.37224697
3409.76334311
3410.15444002
3410.54553770
3410.93663616
3411.32773539
3411.71883538
3412.10993616
3412.50103770
3412.89214001
3413.28324310
3413.67434696
3414.06545159
3414.45655700
3414.84766317
3415.23877012
3415.62987784
3416.02098633
3416.41209559
3416.80320563
3417.19431644
3417.58542802
3417.97654037
3418.36765349
3418.75876739
3419.14988205
3419.54099749
3419.93211370
3420.32323069
3420.71434844
3421.10546697
3421.49658627
3421.88770634
3422.27882718
3422.66994880
3423.06107119
3423.45219435
3423.84331828
3424.23444298
3424.62556846
3425.01669470
3425.40782172
3425.79894951
3426.19007808
3426.58120741
3426.97233752
3427.36346840
3427.75460005
3428.14573247
3428.53686567
3428.92799964
3429.31913438
3429.71026989
3430.10140617
3430.49254323
3430.88368105
3431.27481965
3431.66595903
3432.05709917
3432.44824008
3432.83938177
3433.23052423
3433.62166746
3434.01281147
3434.40395624
3434.79510179
3435.18624811
3435.57739520
3435.96854306
3436.35969170
3436.75084110
3437.14199128
3437.53314224
3437.92429396
3438.31544645
3438.70659972
3439.09775376
3439.48890857
3439.88006416
3440.27122051
3440.66237764
3441.05353554
3441.44469421
3441.83585365
3442.22701387
3442.61817486
3443.00933662
3443.40049915
3443.79166245
3444.18282653
3444.57399137
3444.96515699
3445.35632338
3445.74749055
3446.13865848
3446.52982719
3446.92099667
3447.31216692
3447.70333794
3448.09450974
3448.48568231
3448.87685565
3449.26802976
3449.65920464
3450.05038030
3450.44155672
3450.83273392
3451.22391189
3451.61509064
3452.00627015
3452.39745044
3452.78863150
3453.17981333
3453.57099593
3453.96217931
3454.35336346
3454.74454838
3455.13573407
3455.52692053
3455.91810777
3456.30929577
3456.70048455
3457.09167410
3457.48286443
3457.87405552
3458.26524739
3458.65644003
3459.04763344
3459.43882762
3459.83002258
3460.22121831
3460.61241481
3461.00361208
3461.39481012
3461.78600894
3462.17720852
3462.56840888
3462.95961002
3463.35081192
3463.74201459
3464.13321804
3464.52442226
3464.91562725
3465.30683302
3465.69803955
3466.08924686
3466.48045494
3466.87166379
3467.26287341
3467.65408381
3468.04529498
3468.43650691
3468.82771963
3469.21893311
3469.61014736
3470.00136239
3470.39257819
3470.78379476
3471.17501211
3471.56623022
3471.95744911
3472.34866877
3472.73988920
3473.13111040
3473.52233238
3473.91355513
3474.30477865
3474.69600294
3475.08722800
3475.47845384
3475.86968044
3476.26090782
3476.65213597
3477.04336490
3477.43459459
3477.82582506
3478.21705630
3478.60828831
3478.99952109
3479.39075465
3479.78198898
3480.17322408
3480.56445995
3480.95569659
3481.34693401
3481.73817219
3482.12941115
3482.52065088
3482.91189139
3483.30313266
3483.69437471
3484.08561753
3484.47686112
3484.86810548
3485.25935062
3485.65059653
3486.04184321
3486.43309066
3486.82433888
3487.21558788
3487.60683764
3487.99808818
3488.38933950
3488.78059158
3489.17184443
3489.56309806
3489.95435246
3490.34560763
3490.73686358
3491.12812029
3491.51937778
3491.91063604
3492.30189507
3492.69315487
3493.08441545
3493.47567679
3493.86693891
3494.25820181
3494.64946547
3495.04072990
3495.43199511
3495.82326109
3496.21452784
3496.60579537
3496.99706366
3497.38833273
3497.77960257
3498.17087318
3498.56214456
3498.95341672
3499.34468965
3499.73596335
3500.12723782
3500.51851306
3500.90978908
3501.30106586
3501.69234342
3502.08362175
3502.47490086
3502.86618073
3503.25746138
3503.64874280
3504.04002499
3504.43130795
3504.82259169
3505.21387620
3505.60516148
3505.99644753
3506.38773435
3506.77902195
3507.17031031
3507.56159945
3507.95288936
3508.34418005
3508.73547150
3509.12676373
3509.51805673
3509.90935050
3510.30064504
3510.69194036
3511.08323645
3511.47453331
3511.86583094
3512.25712934
3512.64842852
3513.03972846
3513.43102918
3513.82233067
3514.21363294
3514.60493597
3514.99623978
3515.38754436
3515.77884971
3516.17015584
3516.56146273
3516.95277040
3517.34407884
3517.73538805
3518.12669803
3518.51800879
3518.90932031
3519.30063261
3519.69194569
3520.08325953
3520.47457414
3520.86588953
3521.25720569
3521.64852262
3522.03984033
3522.43115880
3522.82247805
3523.21379807
3523.60511886
3523.99644042
3524.38776276
3524.77908587
3525.17040974
3525.56173440
3525.95305982
3526.34438602
3526.73571298
3527.12704072
3527.51836923
3527.90969852
3528.30102857
3528.69235940
3529.32896318
3529.72139468
3530.11382318
3530.50624868
3530.89867117
3531.29109067
3531.68350717
3532.07592067
3532.46833117
3532.86073867
3533.25314317
3533.64554467
3534.03794317
3534.43033867
3534.82273117
3535.21512066
3535.60750716
3535.99989066
3536.39227116
3536.78464866
3537.17702316
3537.56939466
3537.96176316
3538.35412866
3538.74649116
3539.13885066
3539.53120715
3539.92356065
3540.31591115
3540.70825865
3541.10060315
3541.49294465
3541.88528315
3542.27761865
3542.66995115
3543.06228065
3543.45460715
3543.84693065
3544.23925114
3544.63156864
3545.02388314
3545.41619464
3545.80850314
3546.20080864
3546.59311114
3546.98541064
3547.37770714
3547.77000064
3548.16229114
3548.55457863
3548.94686313
3549.33914463
3549.73142313
3550.12369863
3550.51597113
3550.90824063
3551.30050713
3551.69277063
3552.08503113
3552.47728863
3552.86954312
3553.26179462
3553.65404312
3554.04628862
3554.43853112
3554.83077062
3555.22300712
3555.61524062
3556.00747112
3556.39969862
3556.79192312
3557.18414462
3557.57636311
3557.96857861
3558.36079111
3558.75300061
3559.14520711
3559.53741061
3559.92961111
3560.32180861
3560.71400311
3561.10619461
3561.49838311
3561.89056860
3562.28275110
3562.67493060
3563.06710710
3563.45928060
3563.85145110
3564.24361860
3564.63578310
3565.02794460
3565.42010310
3565.81225860
3566.20441109
3566.59656059
3566.98870709
3567.38085059
3567.77299109
3568.16512859
3568.55726309
3568.94939459
3569.34152309
3569.73364859
3570.12577109
3570.51789059
3570.91000708
3571.30212058
3571.69423108
3572.08633858
3572.47844308
3572.87054458
3573.26264308
3573.65473858
3574.04683108
3574.43892058
3574.83100708
3575.22309057
3575.61517107
3576.00724857
3576.39932307
3576.79139457
3577.18346307
3577.57552857
3577.96759107
3578.35965057
3578.75170707
3579.14376057
3579.53581106
3579.92785856
3580.31990306
3580.71194456
3581.10398306
3581.49601856
3581.88805106
3582.28008056
3582.67210706
3583.06413056
3583.45615106
3583.84816855
3584.24018305
3584.63219455
3585.02420305
3585.41620855
3585.80821105
3586.20021055
3586.59220705
3586.98420055
3587.37619105
3587.76817855
3588.16016305
3588.55214454
3588.94412304
3589.33609854
3589.72807104
3590.12004054
3590.51200704
3590.90397054
3591.29593104
3591.68788854
3592.07984304
3592.47179454
3592.86374303
3593.25568853
3593.64763103
3594.03957053
3594.43150703
3594.82344053
3595.21537103
3595.60729853
3595.99922303
3596.39114453
3596.78306303
3597.17497852
3597.56689102
3597.95880052
3598.35070702
3598.74261052
3599.13451102
3599.52640852
3599.91830302
3600.31019452
3600.70208302
3601.09396852
3601.48585101
3601.87773051
3602.26960701
3602.66148051
3603.05335101
3603.44521851
3603.83708301
3604.22894451
3604.62080301
3605.01265851
3605.40451101
3605.79636050
3606.18820700
3606.58005050
3606.97189100
3607.36372850
3607.75556300
3608.14739450
3608.53922300
3608.93104850
3609.32287100
3609.71469050
3610.10650699
3610.49832049
3610.89013099
3611.28193849
3611.67374299
3612.06554449
3612.45734299
3612.84913849
3613.24093099
3613.63272049
3614.02450699
3614.41629048
3614.80807098
3615.19984848
3615.59162298
3615.98339448
3616.37516298
3616.76692848
3617.15869098
3617.55045048
3617.94220698
3618.33396048
3618.72571098
3619.11745847
3619.50920297
3619.90094447
3620.29268297
3620.68441847
3621.07615097
3621.46788047
3621.85960697
3622.25133047
3622.64305097
3623.03476847
3623.42648296
3623.81819446
3624.20990296
3624.60160846
3624.99331096
3625.38501046
3625.77670696
3626.16840046
3626.56009096
3626.95177846
3627.34346296
3627.73514445
3628.12682295
3628.51849845
3628.91017095
3629.30184045
3629.69350695
3630.08517045
3630.47683095
3630.86848845
3631.26014295
3631.65179445
3632.04344294
3632.43508844
3632.82673094
3633.21837044
3633.61000694
3634.00164044
3634.39327094
3634.78489844
3635.17652294
3635.56814444
3635.95976294
3636.35137843
3636.74299093
3637.13460043
3637.52620693
3637.91781043
3638.30941093
3638.70100843
3639.09260293
3639.48419443
3639.87578293
3640.26736843
3640.65895092
3641.05053042
3641.44210692
3641.83368042
3642.22525092
3642.61681842
3643.00838292
3643.39994442
3643.79150292
3644.18305842
3644.57461092
3644.96616041
3645.35770691
3645.74925041
3646.14079091
3646.53232841
3646.92386291
3647.31539441
3647.70692291
3648.09844841
3648.48997091
3648.88149041
3649.27300690
3649.66452040
3650.05603090
3650.44753840
3650.83904290
3651.23054440
3651.62204290
3652.01353840
3652.40503090
3652.79652040
3653.18800690
3653.57949039
3653.97097089
3654.36244839
3654.75392289
3655.14539439
3655.53686289
3655.92832839
3656.31979089
3656.71125039
3657.10270689
3657.49416039
3657.88561088
3658.27705838
3658.66850288
3659.05994438
3659.45138288
3659.84281838
3660.23425088
3660.62568038
3661.01710688
3661.40853038
3661.79995088
3662.19136837
3662.58278287
3662.97419437
3663.36560287
3663.75700837
3664.14841087
3664.53981037
3664.93120687
3665.32260037
3665.71399087
3666.10537837
3666.49676286
3666.88814436
3667.27952286
3667.67089836
3668.06227086
3668.45364036
3668.84500686
3669.23637036
3669.62773086
3670.01908836
3670.41044286
3670.80179435
3671.19314285
3671.58448835
3671.97583085
3672.36717035
3672.75850685
3673.14984035
3673.54117085
3673.93249835
3674.32382285
3674.71514435
3675.10646284
3675.49777834
3675.88909084
3676.28040034
3676.67170684
3677.06301034
3677.45431084
3677.84560834
3678.23690284
3678.62819434
3679.01948284
3679.41076833
3679.80205083
3680.19333033
3680.58460683
3680.97588033
3681.36715083
3681.75841833
3682.14968283
3682.54094433
3682.93220283
3683.32345832
3683.71471082
3684.10596032
3684.49720682
3684.88845032
3685.27969082
3685.67092832
3686.06216282
3686.45339432
3686.84462282
3687.23584832
3687.62707081
3688.01829031
3688.40950681
3688.80072031
3689.19193081
3689.58313831
3689.97434281
3690.36554431
3690.75674281
3691.14793831
3691.53913081
3691.93032030
3692.32150680
3692.71269030
3693.10387080
3693.49504830
3693.88622280
3694.27739430
3694.66856280
3695.05972830
3695.45089080
3695.84205030
3696.23320679
3696.62436029
3697.01551079
3697.40665829
3697.79780279
3698.18894429
3698.58008279
3698.97121829
3699.36235079
3699.75348029
3700.14460679
3700.53573028
3700.92685078
3701.31796828
3701.70908278
3702.10019428
3702.49130278
3702.88240828
3703.27351078
3703.66461028
3704.05570678
3704.44680028
3704.83789077
3705.22897827
3705.62006277
3706.01114427
3706.40222277
3706.79329827
3707.18437077
3707.57544027
3707.96650677
3708.35757027
3708.74863077
3709.13968826
3709.53074276
3709.92179426
3710.31284276
3710.70388826
3711.09493076
3711.48597026
3711.87700676
3712.26804026
3712.65907076
3713.05009825
3713.44112275
3713.83214425
3714.22316275
3714.61417825
3715.00519075
3715.39620025
3715.78720675
3716.17821025
3716.56921075
3716.96020825
3717.35120274
3717.74219424
3718.13318274
3718.52416824
3718.91515074
3719.30613024
3719.69710674
3720.08808024
3720.47905074
3720.87001824
3721.26098274
3721.65194423
3722.04290273
3722.43385823
3722.82481073
3723.21576023
3723.60670673
3723.99765023
3724.38859073
3724.77952823
3725.17046273
3725.56139423
3725.95232272
3726.34324822
3726.73417072
3727.12509022
3727.51600672
3727.90692022
3728.29783072
3728.68873822
3729.07964272
3729.47054422
3729.86144271
3730.25233821
3730.64323071
3731.03412021
3731.42500671
3731.81589021
3732.20677071
3732.59764821
3732.98852271
3733.37939421
3733.77026271
3734.16112820
3734.55199070
3734.94285020
3735.33370670
3735.72456020
3736.11541070
3736.50625820
3736.89710270
3737.28794420
3737.67878270
3738.06961820
3738.46045069
3738.85128019
3739.24210669
3739.63293019
3740.02375069
3740.41456819
3740.80538269
3741.19619419
3741.58700269
3741.97780819
3742.36861069
3742.75941018
3743.15020668
3743.54100018
3743.93179068
3744.32257818
3744.71336268
3745.10414418
3745.49492268
3745.88569818
3746.27647068
3746.66724017
3747.05800667
3747.44877017
3747.83953067
3748.23028817
3748.62104267
3749.01179417
3749.40254267
3749.79328817
3750.18403067
3750.57477017
3750.96550666
3751.35624016
3751.74697066
3752.13769816
3752.52842266
3752.91914416
3753.30986266
3753.70057816
3754.09129066
3754.48200016
3754.87270666
3755.26341015
3755.65411065
3756.04480815
3756.43550265
3756.82619415
3757.21688265
3757.60756815
3757.99825065
3758.38893015
3758.77960665
3759.17028014
3759.56095064
3759.95161814
3760.34228264
3760.73294414
3761.12360264
3761.51425814
3761.90491064
3762.29556014
3762.68620664
3763.07685014
3763.46749063
3763.85812813
3764.24876263
3764.63939413
3765.03002263
3765.42064813
3765.81127063
3766.20189013
3766.59250663
3766.98312013
3767.37373063
3767.76433812
3768.15494262
3768.54554412
3768.93614262
3769.32673812
3769.71733062
3770.10792012
3770.49850662
3770.88909012
3771.27967062
3771.67024811
3772.06082261
3772.45139411
3772.84196261
3773.23252811
3773.62309061
3774.01365011
3774.40420661
3774.79476011
3775.18531061
3775.57585811
3775.96640260
3776.35694410
3776.74748260
3777.13801810
3777.52855060
3777.91908010
3778.30960660
3778.70013010
3779.09065060
3779.48116810
3779.87168259
3780.26219409
3780.65270259
3781.04320809
3781.43371059
3781.82421009
3782.21470659
3782.60520009
3782.99569059
3783.38617809
3783.77666259
3784.16714408
3784.55762258
3784.94809808
3785.33857058
3785.72904008
3786.11950658
3786.50997008
3786.90043058
3787.29088808
3787.68134258
3788.07179407
3788.46224257
3788.85268807
3789.24313057
3789.63357007
3790.02400657
3790.41444007
3790.80487057
3791.19529807
3791.58572257
3791.97614407
3792.36656256
3792.75697806
3793.14739056
3793.53780006
3793.92820656
3794.31861006
3794.70901056
3795.09940806
3795.48980256
3795.88019406
3796.27058256
3796.66096805
3797.05135055
3797.44173005
3797.83210655
3798.22248005
3798.61285055
3799.00321805
3799.39358255
3799.78394405
3800.17430255
3800.56465804
3800.95501054
3801.34536004
3801.73570654
3802.12605004
3802.51639054
3802.90672804
3803.29706254
3803.68739404
3804.07772254
3804.46804804
3804.85837053
3805.24869003
3805.63900653
3806.02932003
3806.41963053
3806.80993803
3807.20024253
3807.59054403
3807.98084253
3808.37113803
3808.76143052
3809.15172002
3809.54200652
3809.93229002
3810.32257052
3810.71284802
3811.10312252
3811.49339402
3811.88366252
3812.27392802
3812.66419052
3813.05445001
3813.44470651
3813.83496001
3814.22521051
3814.61545801
3815.00570251
3815.39594401
3815.78618251
3816.17641801
3816.56665051
3816.95688000
3817.34710650
3817.73733000
3818.12755050
3818.51776800
3818.90798250
3819.29819400
3819.68840250
3820.07860800
3820.46881050
3820.85901000
3821.24920649
3821.63939999
3822.02959049
3822.41977799
3822.80996249
3823.20014399
3823.59032249
3823.98049799
3824.37067049
3824.76083999
3825.15100648
3825.54116998
3825.93133048
3826.32148798
3826.71164248
3827.10179398
3827.49194248
3827.88208798
3828.27223048
3828.66236998
3829.05250647
3829.44263997
3829.83277047
3830.22289797
3830.61302247
3831.00314397
3831.39326247
3831.78337797
3832.17349047
3832.56359997
3832.95370647
3833.34380996
3833.73391046
3834.12400796
3834.51410246
3834.90419396
3835.29428246
3835.68436796
3836.07445046
3836.46452996
3836.85460646
3837.24467995
3837.63475045
3838.02481795
3838.41488245
3838.80494395
3839.19500245
3839.58505795
3839.97511045
3840.36515995
3840.75520645
3841.14524995
3841.53529044
3841.92532794
3842.31536244
3842.70539394
3843.09542244
3843.48544794
3843.87547044
3844.26548994
3844.65550644
3845.04551994
3845.43553043
3845.82553793
3846.21554243
3846.60554393
3846.99554243
3847.38553793
3847.77553043
3848.16551993
3848.55550643
3848.94548993
3849.33547043
3849.72544792
3850.11542242
3850.50539392
3850.89536242
3851.28532792
3851.67529042
3852.06524992
3852.45520642
3852.84515992
3853.23511042
3853.62505791
3854.01500241
3854.40494391
3854.79488241
3855.18481791
3855.57475041
3855.96467991
3856.35460641
3856.74452991
3857.13445041
3857.52436790
3857.91428240
3858.30419390
3858.69410240
3859.08400790
3859.47391040
3859.86380990
3860.25370640
3860.64359990
3861.03349040
3861.42337790
3861.81326239
3862.20314389
3862.59302239
3862.98289789
3863.37277039
3863.76263989
3864.15250639
3864.54236989
3864.93223039
3865.32208789
3865.71194238
3866.10179388
3866.49164238
3866.88148788
3867.27133038
3867.66116988
3868.05100638
3868.44083988
3868.83067038
3869.22049788
3869.61032237
3870.00014387
3870.38996237
3870.77977787
3871.16959037
3871.55939987
3871.94920637
3872.33900987
3872.72881037
3873.11860787
3873.50840237
3873.89819386
3874.28798236
3874.67776786
3875.06755036
3875.45732986
3875.84710636
3876.23687986
3876.62665036
3877.01641786
3877.40618236
3877.79594385
3878.18570235
3878.57545785
3878.96521035
3879.35495985
3879.74470635
3880.13444985
3880.52419035
3880.91392785
3881.30366235
3881.69339384
3882.08312234
3882.47284784
3882.86257034
3883.25228984
3883.64200634
3884.03171984
3884.42143034
3884.81113784
3885.20084234
3885.59054383
3885.98024233
3886.36993783
3886.75963033
3887.14931983
3887.53900633
3887.92868983
3888.31837033
3888.70804783
3889.09772233
3889.48739383
3889.87706232
3890.26672782
3890.65639032
3891.04604982
3891.43570632
3891.82535982
3892.21501032
3892.60465782
3892.99430232
3893.38394382
3893.77358231
3894.16321781
3894.55285031
3894.94247981
3895.33210631
3895.72172981
3896.11135031
3896.50096781
3896.89058231
3897.28019381
3897.66980230
3898.05940780
3898.44901030
3898.83860980
3899.22820630
3899.61779980
3900.00739030
3900.39697780
3900.78656230
3901.17614380
3901.56572229
3901.95529779
3902.34487029
3902.73443979
3903.12400629
3903.51356979
3903.90313029
3904.29268779
3904.68224229
3905.07179379
3905.46134229
3905.85088778
3906.24043028
3906.62996978
3907.01950628
3907.40903978
3907.79857028
3908.18809778
3908.57762228
3908.96714378
3909.35666228
3909.74617777
3910.13569027
3910.52519977
3910.91470627
3911.30420977
3911.69371027
3912.08320777
3912.47270227
3912.86219377
3913.25168227
3913.64116776
3914.03065026
3914.42012976
3914.80960626
3915.19907976
3915.58855026
3915.97801776
3916.36748226
3916.75694376
3917.14640226
3917.53585775
3917.92531025
3918.31475975
3918.70420625
3919.09364975
3919.48309025
3919.87252775
3920.26196225
3920.65139375
3921.04082225
3921.43024774
3921.81967024
3922.20908974
3922.59850624
3922.98791974
3923.37733024
3923.76673774
3924.15614224
3924.54554374
3924.93494224
3925.32433774
3925.71373023
3926.10311973
3926.49250623
3926.88188973
3927.27127023
3927.66064773
3928.05002223
3928.43939373
3928.82876223
3929.21812773
3929.60749022
3929.99684972
3930.38620622
3930.77555972
3931.16491022
3931.55425772
3931.94360222
3932.33294372
3932.72228222
3933.11161772
3933.50095021
3933.89027971
3934.27960621
3934.66892971
3935.05825021
3935.44756771
3935.83688221
3936.22619371
3936.61550221
3937.00480771
3937.39411020
3937.78340970
3938.17270620
3938.56199970
3938.95129020
3939.34057770
3939.72986220
3940.11914370
3940.50842220
3940.89769770
3941.28697019
3941.67623969
3942.06550619
3942.45476969
3942.84403019
3943.23328769
3943.62254219
3944.01179369
3944.40104219
3944.79028769
3945.17953018
3945.56876968
3945.95800618
3946.34723968
3946.73647018
3947.12569768
3947.51492218
3947.90414368
3948.29336218
3948.68257768
3949.07179017
3949.46099967
3949.85020617
3950.23940967
3950.62861017
3951.01780767
3951.40700217
3951.79619367
3952.18538217
3952.57456767
3952.96375016
3953.35292966
3953.74210616
3954.13127966
3954.52045016
3954.90961766
3955.29878216
3955.68794366
3956.07710216
3956.46625766
3956.85541016
3957.24455965
3957.63370615
3958.02284965
3958.41199015
3958.80112765
3959.19026215
3959.57939365
3959.96852215
3960.35764765
3960.74677015
3961.13588964
3961.52500614
3961.91411964
3962.30323014
3962.69233764
3963.08144214
3963.47054364
3963.85964214
3964.24873764
3964.63783014
3965.02691963
3965.41600613
3965.80508963
3966.19417013
3966.58324763
3966.97232213
3967.36139363
3967.75046213
3968.13952763
3968.52859013
3968.91764962
3969.30670612
3969.69575962
3970.08481012
3970.47385762
3970.86290212
3971.25194362
3971.64098212
3972.03001762
3972.41905012
3972.80807961
3973.19710611
3973.58612961
3973.97515011
3974.36416761
3974.75318211
3975.14219361
3975.53120211
3975.92020761
3976.30921011
3976.69820960
3977.08720610
3977.47619960
3977.86519010
3978.25417760
3978.64316210
3979.03214360
3979.42112210
3979.81009760
3980.19907010
3980.58803959
3980.97700609
3981.36596959
3981.75493009
3982.14388759
3982.53284209
3982.92179359
3983.31074209
3983.69968759
3984.08863009
3984.47756958
3984.86650608
3985.25543958
3985.64437008
3986.03329758
3986.42222208
3986.81114358
3987.20006208
3987.58897758
3987.97789008
3988.36679957
3988.75570607
3989.14460957
3989.53351007
3989.92240757
3990.31130207
3990.70019357
3991.08908207
3991.47796757
3991.86685007
3992.25572956
3992.64460606
3993.03347956
3993.42235006
3993.81121756
3994.20008206
3994.58894356
3994.97780206
3995.36665756
3995.75551006
3996.14435955
3996.53320605
3996.92204955
3997.31089005
3997.69972755
3998.08856205
3998.47739355
3998.86622205
3999.25504755
3999.64387005
4000.03268954
4000.42150604
4000.81031954
4001.19913004
4001.58793754
4001.97674204
4002.36554354
4002.75434204
4003.14313754
4003.53193004
4003.92071953
4004.30950603
4004.69828953
4005.08707003
4005.47584753
4005.86462203
4006.25339353
4006.64216203
4007.03092753
4007.41969003
4007.80844952
4008.19720602
4008.58595952
4008.97471002
4009.36345752
4009.75220202
4010.14094352
4010.52968202
4010.91841752
4011.30715001
4011.69587951
4012.08460601
4012.47332951
4012.86205001
4013.25076751
4013.63948201
4014.02819351
4014.41690201
4014.80560751
4015.19431000
4015.58300950
4015.97170600
4016.36039950
4016.74909000
4017.13777750
4017.52646200
4017.91514350
4018.30382200
4018.69249750
4019.08116999
4019.46983949
4019.85850599
4020.24716949
4020.63582999
4021.02448749
4021.41314199
4021.80179349
4022.19044199
4022.57908749
4022.96772998
4023.35636948
4023.74500598
4024.13363948
4024.52226998
4024.91089748
4025.29952198
4025.68814348
4026.07676198
4026.46537748
4026.85398997
4027.24259947
4027.63120597
4028.01980947
4028.40840997
4028.79700747
4029.18560197
4029.57419347
4029.96278197
4030.35136747
4030.73994996
4031.12852946
4031.51710596
4031.90567946
4032.29424996
4032.68281746
4033.07138196
4033.45994346
4033.84850196
4034.23705746
4034.62560995
4035.01415945
4035.40270595
4035.79124945
4036.17978995
4036.56832745
4036.95686195
4037.34539345
4037.73392195
4038.12244745
4038.51096994
4038.89948944
4039.28800594
4039.67651944
4040.06502994
4040.45353744
4040.84204194
4041.23054344
4041.61904194
4042.00753744
4042.39602993
4042.78451943
4043.17300593
4043.56148943
4043.94996993
4044.33844743
4044.72692193
4045.11539343
4045.50386193
4045.89232742
4046.28078992
4046.66924942
4047.05770592
4047.44615942
4047.83460992
4048.22305742
4048.61150192
4048.99994342
4049.38838192
4049.77681741
4050.16524991
4050.55367941
4050.94210591
4051.33052941
4051.71894991
4052.10736741
4052.49578191
4052.88419341
4053.27260191
4053.66100740
4054.04940990
4054.43780940
4054.82620590
4055.21459940
4055.60298990
4055.99137740
4056.37976190
4056.76814340
4057.15652190
4057.54489739
4057.93326989
4058.32163939
4058.71000589
4059.09836939
4059.48672989
4059.87508739
4060.26344189
4060.65179339
4061.04014189
4061.42848738
4061.81682988
4062.20516938
4062.59350588
4062.98183938
4063.37016988
4063.75849738
4064.14682188
4064.53514338
4064.92346187
4065.31177737
4065.70008987
4066.08839937
4066.47670587
4066.86500937
4067.25330987
4067.64160737
4068.02990187
4068.41819337
4068.80648186
4069.19476736
4069.58304986
4069.97132936
4070.35960586
4070.74787936
4071.13614986
4071.52441736
4071.91268186
4072.30094336
4072.68920185
4073.07745735
4073.46570985
4073.85395935
4074.24220585
4074.63044935
4075.01868985
4075.40692735
4075.79516185
4076.18339335
4076.57162184
4076.95984734
4077.34806984
4077.73628934
4078.12450584
4078.51271934
4078.90092984
4079.28913734
4079.67734184
4080.06554333
4080.45374183
4080.84193733
4081.23012983
4081.61831933
4082.00650583
4082.39468933
4082.78286983
4083.17104733
4083.55922183
4083.94739332
4084.33556182
4084.72372732
4085.11188982
4085.50004932
4085.88820582
4086.27635932
4086.66450982
4087.05265732
4087.44080182
4087.82894331
4088.21708181
4088.60521731
4088.99334981
4089.38147931
4089.76960581
4090.15772931
4090.54584981
4090.93396731
4091.32208181
4091.71019330
4092.09830180
4092.48640730
4092.87450980
4093.26260930
4093.65070580
4094.03879930
4094.42688980
4094.81497730
4095.20306179
4095.59114329
4095.97922179
4096.36729729
4096.75536979
4097.14343929
4097.53150579
4097.91956929
4098.30762979
4098.69568729
4099.08374178
4099.47179328
4099.85984178
4100.24788728
4100.63592978
4101.02396928
4101.41200578
4101.80003928
4102.18806978
4102.57609728
4102.96412177
4103.35214327
4103.74016177
4104.12817727
4104.51618977
4104.90419927
4105.29220577
4105.68020927
4106.06820977
4106.45620726
4106.84420176
4107.23219326
4107.62018176
4108.00816726
4108.39614976
4108.78412926
4109.17210576
4109.56007926
4109.94804976
4110.33601725
4110.72398175
4111.11194325
4111.49990175
4111.88785725
4112.27580975
4112.66375925
4113.05170575
4113.43964925
4113.82758975
4114.21552724
4114.60346174
4114.99139324
4115.37932174
4115.76724724
4116.15516974
4116.54308924
4116.93100574
4117.31891924
4117.70682973
4118.09473723
4118.48264173
4118.87054323
4119.25844173
4119.64633723
4120.03422973
4120.42211923
4120.81000573
4121.19788923
4121.58576972
4121.97364722
4122.36152172
4122.74939322
4123.13726172
4123.52512722
4123.91298972
4124.30084922
4124.68870572
4125.07655922
4125.46440971
4125.85225721
4126.24010171
4126.62794321
4127.01578171
4127.40361721
4127.79144971
4128.17927921
4128.56710571
4128.95492920
4129.34274970
4129.73056720
4130.11838170
4130.50619320
4130.89400170
4131.28180720
4131.66960970
4132.05740920
4132.44520570
4132.83299919
4133.22078969
4133.60857719
4133.99636169
4134.38414319
4134.77192169
4135.15969719
4135.54746969
4135.93523919
4136.32300569
4136.71076918
4137.09852968
4137.48628718
4137.87404168
4138.26179318
4138.64954168
4139.03728718
4139.42502968
4139.81276918
4140.20050567
4140.58823917
4140.97596967
4141.36369717
4141.75142167
4142.13914317
4142.52686167
4142.91457717
4143.30228967
4143.68999917
4144.07770566
4144.46540916
4144.85310966
4145.24080716
4145.62850166
4146.01619316
4146.40388166
4146.79156716
4147.17924966
4147.56692915
4147.95460565
4148.34227915
4148.72994965
4149.11761715
4149.50528165
4149.89294315
4150.28060165
4150.66825715
4151.05590965
4151.44355914
4151.83120564
4152.21884914
4152.60648964
4152.99412714
4153.38176164
4153.76939314
4154.15702164
4154.54464714
4154.93226963
4155.31988913
4155.70750563
4156.09511913
4156.48272963
4156.87033713
4157.25794163
4157.64554313
4158.03314163
4158.42073713
4158.80832962
4159.19591912
4159.58350562
4159.97108912
4160.35866962
4160.74624712
4161.13382162
4161.52139312
4161.90896162
4162.29652711
4162.68408961
4163.07164911
4163.45920561
4163.84675911
4164.23430961
4164.62185711
4165.00940161
4165.39694311
4165.78448161
4166.17201710
4166.55954960
4166.94707910
4167.33460560
4167.72212910
4168.10964960
4168.49716710
4168.88468160
4169.27219310
4169.65970160
4170.04720709
4170.43470959
4170.82220909
4171.20970559
4171.59719909
4171.98468959
4172.37217709
4172.75966159
4173.14714309
4173.53462158
4173.92209708
4174.30956958
4174.69703908
4175.08450558
4175.47196908
4175.85942958
4176.24688708
4176.63434158
4177.02179308
4177.40924157
4177.79668707
4178.18412957
4178.57156907
4178.95900557
4179.34643907
4179.73386957
4180.12129707
4180.50872157
4180.89614306
4181.28356156
4181.67097706
4182.05838956
4182.44579906
4182.83320556
4183.22060906
4183.60800956
4183.99540706
4184.38280155
4184.77019305
4185.15758155
4185.54496705
4185.93234955
4186.31972905
4186.70710555
4187.09447905
4187.48184955
4187.86921705
4188.25658154
4188.64394304
4189.03130154
4189.41865704
4189.80600954
4190.19335904
4190.58070554
4190.96804904
4191.35538954
4191.74272703
4192.13006153
4192.51739303
4192.90472153
4193.29204703
4193.67936953
4194.06668903
4194.45400553
4194.84131903
4195.22862953
4195.61593702
4196.00324152
4196.39054302
4196.77784152
4197.16513702
4197.55242952
4197.93971902
4198.32700552
4198.71428902
4199.10156951
4199.48884701
4199.87612151
4200.26339301
4200.65066151
4201.03792701
4201.42518951
4201.81244901
4202.19970551
4202.58695901
4202.97420950
4203.36145700
4203.74870150
4204.13594300
4204.52318150
4204.91041700
4205.29764950
4205.68487900
4206.07210550
4206.45932899
4206.84654949
4207.23376699
4207.62098149
4208.00819299
4208.39540149
4208.78260699
4209.16980949
4209.55700899
4209.94420549
4210.33139898
4210.71858948
4211.10577698
4211.49296148
4211.88014298
4212.26732148
4212.65449698
4213.04166948
4213.42883898
4213.81600547
4214.20316897
4214.59032947
4214.97748697
4215.36464147
4215.75179297
4216.13894147
4216.52608697
4216.91322947
4217.30036896
4217.68750546
4218.07463896
4218.46176946
4218.84889696
4219.23602146
4219.62314296
4220.01026146
4220.39737696
4220.78448946
4221.17159895
4221.55870545
4221.94580895
4222.33290945
4222.72000695
4223.10710145
4223.49419295
4223.88128145
4224.26836695
4224.65544944
4225.04252894
4225.42960544
4225.81667894
4226.20374944
4226.59081694
4226.97788144
4227.36494294
4227.75200144
4228.13905694
4228.52610943
4228.91315893
4229.30020543
4229.68724893
4230.07428943
4230.46132693
4230.84836143
4231.23539293
4231.62242143
4232.00944692
4232.39646942
4232.78348892
4233.17050542
4233.55751892
4233.94452942
4234.33153692
4234.71854142
4235.10554292
4235.49254141
4235.87953691
4236.26652941
4236.65351891
4237.04050541
4237.42748891
4237.81446941
4238.20144691
4238.58842141
4238.97539291
4239.36236140
4239.74932690
4240.13628940
4240.52324890
4240.91020540
4241.29715890
4241.68410940
4242.07105690
4242.45800140
4242.84494289
4243.23188139
4243.61881689
4244.00574939
4244.39267889
4244.77960539
4245.16652889
4245.55344939
4245.94036689
4246.32728138
4246.71419288
4247.10110138
4247.48800688
4247.87490938
4248.26180888
4248.64870538
4249.03559888
4249.42248938
4249.80937688
4250.19626137
4250.58314287
4250.97002137
4251.35689687
4251.74376937
4252.13063887
4252.51750537
4252.90436887
4253.29122937
4253.67808686
4254.06494136
4254.45179286
4254.83864136
4255.22548686
4255.61232936
4255.99916886
4256.38600536
4256.77283886
4257.15966935
4257.54649685
4257.93332135
4258.32014285
4258.70696135
4259.09377685
4259.48058935
4259.86739885
4260.25420535
4260.64100885
4261.02780934
4261.41460684
4261.80140134
4262.18819284
4262.57498134
4262.96176684
4263.34854934
4263.73532884
4264.12210534
4264.50887883
4264.89564933
4265.28241683
4265.66918133
4266.05594283
4266.44270133
4266.82945683
4267.21620933
4267.60295883
4267.98970532
4268.37644882
4268.76318932
4269.14992682
4269.53666132
4269.92339282
4270.31012132
4270.69684682
4271.08356932
4271.47028881
4271.85700531
4272.24371881
4272.63042931
4273.01713681
4273.40384131
4273.79054281
4274.17724131
4274.56393681
4274.95062931
4275.33731880
4275.72400530
4276.11068880
4276.49736930
4276.88404680
4277.27072130
4277.65739280
4278.04406130
4278.43072680
4278.81738929
4279.20404879
4279.59070529
4279.97735879
4280.36400929
4280.75065679
4281.13730129
4281.52394279
4281.91058129
4282.29721678
4282.68384928
4283.07047878
4283.45710528
4283.84372878
4284.23034928
4284.61696678
4285.00358128
4285.39019278
4285.77680127
4286.16340677
4286.55000927
4286.93660877
4287.32320527
4287.70979877
4288.09638927
4288.48297677
4288.86956127
4289.25614277
4289.64272126
4290.02929676
4290.41586926
4290.80243876
4291.18900526
4291.57556876
4291.96212926
4292.34868676
4292.73524126
4293.12179275
4293.50834125
4293.89488675
4294.28142925
4294.66796875
4295.05450525
4295.44103875
4295.82756925
4296.21409675
4296.60062124
4296.98714274
4297.37366124
4297.76017674
4298.14668924
4298.53319874
4298.91970524
4299.30620874
4299.69270924
4300.07920673
4300.46570123
4300.85219273
4301.23868123
4301.62516673
4302.01164923
4302.39812873
4302.78460523
4303.17107873
4303.55754923
4303.94401672
4304.33048122
4304.71694272
4305.10340122
4305.48985672
4305.87630922
4306.26275872
4306.64920522
4307.03564872
4307.42208921
4307.80852671
4308.19496121
4308.58139271
4308.96782121
4309.35424671
4309.74066921
4310.12708871
4310.51350521
4310.89991870
4311.28632920
4311.67273670
4312.05914120
4312.44554270
4312.83194120
4313.21833670
4313.60472920
4313.99111870
4314.37750519
4314.76388869
4315.15026919
4315.53664669
4315.92302119
4316.30939269
4316.69576119
4317.08212669
4317.46848919
4317.85484868
4318.24120518
4318.62755868
4319.01390918
4319.40025668
4319.78660118
4320.17294268
4320.55928118
4320.94561668
4321.33194917
4321.71827867
4322.10460517
4322.49092867
4322.87724917
4323.26356667
4323.64988117
4324.03619267
4324.42250117
4324.80880667
4325.19510916
4325.58140866
4325.96770516
4326.35399866
4326.74028916
4327.12657666
4327.51286116
4327.89914266
4328.28542116
4328.67169665
4329.05796915
4329.44423865
4329.83050515
4330.21676865
4330.60302915
4330.98928665
4331.37554115
4331.76179265
4332.14804114
4332.53428664
4332.92052914
4333.30676864
