1776.24174878
1776.42926599
1776.61679287
1776.80432943
1776.99187568
1777.17943160
1777.36699720
1777.55457249
1777.74215745
1777.92975209
1778.11735641
1778.30497042
1778.49259410
1778.68022746
1778.86787051
1779.05552323
1779.24318563
1779.43085772
1779.61853948
1779.80623092
1779.99393204
1780.18164285
1780.36936333
1780.55709349
1780.74483334
1780.93258286
1781.12034206
1781.30811095
1781.49588951
1781.68367775
1781.87147567
1782.05928328
1782.24710056
1782.43492752
1782.62276417
1782.81061049
1782.99846649
1783.18633218
1783.37420754
1783.56209258
1783.74998731
1783.93789171
1784.12580579
1784.31372955
1784.50166300
1784.68960612
1784.87755892
1785.06552141
1785.25349357
1785.44147541
1785.62946694
1785.81746814
1786.00547902
1786.19349958
1786.38152983
1786.56956975
1786.75761935
1786.94567864
1787.13374760
1787.32182624
1787.50991457
1787.69801257
1787.88612025
1788.07423762
1788.26236466
1788.45050138
1788.63864778
1788.82680387
1789.01496963
1789.20314507
1789.39133020
1789.57952500
1789.76772948
1789.95594365
1790.14416749
1790.33240101
1790.52064421
1790.70889710
1790.89715966
1791.08543190
1791.27371383
1791.46200543
1791.65030671
1791.83861768
1792.02693832
1792.21526864
1792.40360865
1792.59195833
1792.78031769
1792.96868673
1793.15706546
1793.34545386
1793.53385194
1793.72225971
1793.91067715
1794.09910427
1794.28754108
1794.47598756
1794.66444372
1794.85290956
1795.04138509
1795.22987029
1795.41836517
1795.60686974
1795.79538398
1795.98390790
1796.17244151
1796.36098479
1796.54953775
1796.73810040
1796.92667272
1797.11525472
1797.30384640
1797.49244777
1797.68105881
1797.86967953
1798.05830994
1798.24695002
1798.43559978
1798.62425923
1798.81292835
1799.00160715
1799.19029564
1799.37899380
1799.56770164
1799.75641916
1799.94514637
1800.13388325
1800.32262981
1800.51138606
1800.70015198
1800.88892758
1801.07771287
1801.26650783
1801.45531247
1801.64412680
1801.83295080
1802.02178448
1802.21062784
1802.39948089
1802.58834361
1802.77721601
1802.96609810
1803.15498986
1803.34389130
1803.53280243
1803.72172323
1803.91065371
1804.09959388
1804.28854372
1804.47750324
1804.66647244
1804.85545133
1805.04443989
1805.23343813
1805.42244606
1805.61146366
1805.80049094
1805.98952791
1806.17857455
1806.36763087
1806.55669688
1806.74577256
1806.93485792
1807.12395296
1807.31305769
1807.50217209
1807.69129617
1807.88042994
1808.06957338
1808.25872650
1808.44788931
1808.63706179
1808.82624395
1809.01543580
1809.20463732
1809.39384852
1809.58306940
1809.77229997
1809.96154021
1810.15079013
1810.34004974
1810.52931902
1810.71859798
1810.90788663
1811.09718495
1811.28649295
1811.47581064
1811.66513800
1811.85447504
1812.04382177
1812.23317817
1812.42254425
1812.61192001
1812.80130546
1812.99070058
1813.18010538
1813.36951987
1813.55894403
1813.74837787
1813.93782140
1814.12727460
1814.31673748
1814.50621005
1814.69569229
1814.88518421
1815.07468581
1815.26419710
1815.45371806
1815.64324870
1815.83278903
1816.02233903
1816.21189871
1816.40146808
1816.59104712
1816.78063584
1816.97023425
1817.15984233
1817.34946009
1817.53908754
1817.72872466
1817.91837146
1818.10802794
1818.29769411
1818.48736995
1818.67705547
1818.86675068
1819.05645556
1819.24617012
1819.43589437
1819.62562829
1819.81537189
1820.00512518
1820.19488814
1820.38466078
1820.57444310
1820.76423511
1820.95403679
1821.14384815
1821.33366920
1821.52349992
1821.71334032
1821.90319041
1822.09305017
1822.28291961
1822.47279874
1822.66268754
1822.85258602
1823.04249419
1823.23241203
1823.42233955
1823.61227675
1823.80222364
1823.99218020
1824.18214644
1824.37212237
1824.56210797
1824.75210325
1824.94210822
1825.13212286
1825.32214718
1825.51218119
1825.70222487
1825.89227823
1826.08234128
1826.27241400
1826.46249640
1826.65258848
1826.84269025
1827.03280169
1827.22292281
1827.41305362
1827.60319410
1827.79334426
1827.98350411
1828.17367363
1828.36385283
1828.55404172
1828.74424028
1828.93444852
1829.12466645
1829.31489405
1829.50513133
1829.69537829
1829.88563494
1830.07590126
1830.26617726
1830.45646295
1830.64675831
1830.83706335
1831.02737808
1831.21770248
1831.40803656
1831.59838033
1831.78873377
1831.97909689
1832.16946970
1832.35985218
1832.55024434
1832.74064619
1832.93105771
1833.12147891
1833.31190979
1833.50235036
1833.69280060
1833.88326052
1834.07373013
1834.26420941
1834.45469837
1834.64519702
1834.83570534
1835.02622334
1835.21675103
1835.40728839
1835.59783543
1835.78839216
1835.97895856
1836.16953464
1836.36012040
1836.55071585
1836.74132097
1836.93193577
1837.12256026
1837.31319442
1837.50383826
1837.69449179
1837.88515499
1838.07582787
1838.26651044
1838.45720268
1838.64790460
1838.83861621
1839.02933749
1839.22006845
1839.41080910
1839.60155942
1839.79231942
1839.98308910
1840.17386847
1840.36465751
1840.55545623
1840.74626464
1840.93708272
1841.12791048
1841.31874793
1841.50959505
1841.70045185
1841.89131834
1842.08219450
1842.27308034
1842.46397587
1842.65488107
1842.84579595
1843.03672052
1843.22765476
1843.41859868
1843.60955228
1843.80051557
1843.99148853
1844.18247117
1844.37346350
1844.56446550
1844.75547718
1844.94649855
1845.13752959
1845.32857031
1845.51962072
1845.71068080
1845.90175056
1846.09283001
1846.28391913
1846.47501793
1846.66612642
1846.85724458
1847.04837242
1847.23950995
1847.43065715
1847.62181403
1847.81298059
1848.00415684
1848.19534276
1848.38653836
1848.57774365
1848.76895861
1848.96018325
1849.15141758
1849.34266158
1849.53391526
1849.72517863
1849.91645167
1850.10773439
1850.29902680
1850.49032888
1850.68164064
1850.87296209
1851.06429321
1851.25563401
1851.44698449
1851.63834466
1851.82971450
1852.02109402
1852.21248323
1852.40388211
1852.59529067
1852.78670892
1852.97813684
1853.16957444
1853.36102173
1853.55247869
1853.74394533
1853.93542166
1854.12690766
1854.31840334
1854.50990871
1854.70142375
1854.89294847
1855.08448288
1855.27602696
1855.46758072
1855.65914416
1855.85071729
1856.04230009
1856.23389257
1856.42549474
1856.61710658
1856.80872810
1857.00035931
1857.19200019
1857.38365075
1857.57531100
1857.76698092
1857.95866052
1858.15034981
1858.34204877
1858.53375741
1858.72547574
1858.91720374
1859.10894142
1859.30068879
1859.49244583
1859.68421255
1859.87598896
1860.06777504
1860.25957080
1860.45137624
1860.64319137
1860.83501617
1861.02685065
1861.21869482
1861.41054866
1861.60241218
1861.79428539
1861.98616827
1862.17806083
1862.36996308
1862.56187500
1862.75379660
1862.94572789
1863.13766885
1863.32961949
1863.52157982
1863.71354982
1863.90552950
1864.09751887
1864.28951791
1864.48152663
1864.67354504
1864.86557312
1865.05761088
1865.24965832
1865.44171545
1865.63378225
1865.82585873
1866.01794490
1866.21004074
1866.40214626
1866.59426147
1866.78638635
1866.97852091
1867.17066516
1867.36281908
1867.55498268
1867.74715597
1867.93933893
1868.13153157
1868.32373390
1868.51594590
1868.70816758
1868.90039895
1869.09263999
1869.28489071
1869.47715112
1869.66942120
1869.86170096
1870.05399041
1870.24628953
1870.43859833
1870.63091682
1870.82324498
1871.01558282
1871.20793034
1871.40028755
1871.59265443
1871.78503099
1871.97741724
1872.16981316
1872.36221876
1872.55463405
1872.74705901
1872.93949365
1873.13193798
1873.32439198
1873.51685566
1873.70932903
1873.90181207
1874.09430479
1874.28680720
1874.47931928
1874.67184104
1874.86437249
1875.05691361
1875.24946441
1875.44202490
1875.63459506
1875.82717490
1876.01976443
1876.21236363
1876.40497251
1876.59759108
1876.79021932
1876.98285724
1877.17550484
1877.36816213
1877.56082909
1877.75350573
1877.94619206
1878.13888806
1878.33159374
1878.52430911
1878.71703415
1878.90976887
1879.10251328
1879.29526736
1879.48803112
1879.68080457
1879.87358769
1880.06638049
1880.25918298
1880.45199514
1880.64481698
1880.83764851
1881.03048971
1881.22334059
1881.41620116
1881.60907140
1881.80195132
1881.99484093
1882.18774021
1882.38064917
1882.57356782
1882.76649614
1882.95943414
1883.15238183
1883.34533919
1883.53830623
1883.73128295
1883.92426936
1884.11726544
1884.31027120
1884.50328665
1884.69631177
1884.88934657
1885.08239106
1885.27544522
1885.46850906
1885.66158259
1885.85466579
1886.04775867
1886.24086124
1886.43397348
1886.62709540
1886.82022701
1887.01336829
1887.20651925
1887.39967990
1887.59285022
1887.78603022
1887.97921991
1888.17241927
1888.36562831
1888.55884704
1888.75207544
1888.94531352
1889.13856129
1889.33181873
1889.52508585
1889.71836266
1889.91164914
1890.10494530
1890.29825115
1890.49156667
1890.68489187
1890.87822676
1891.07157132
1891.26492556
1891.45828949
1891.65166309
1891.84504637
1892.03843934
1892.23184198
1892.42525430
1892.61867630
1892.81210799
1893.00554935
1893.19900039
1893.39246112
1893.58593152
1893.77941160
1893.97290137
1894.16640081
1894.35990993
1894.55342874
1894.74695722
1894.94049538
1895.13404323
1895.32760075
1895.52116795
1895.71474484
1895.90833140
1896.10192764
1896.29553357
1896.48914917
1896.68277445
1896.87640942
1897.07005406
1897.26370838
1897.45737239
1897.65104607
1897.84472943
1898.03842248
1898.23212520
1898.42583760
1898.61955969
1898.81329145
1899.00703289
1899.20078402
1899.39454482
1899.58831530
1899.78209547
1899.97588531
1900.16968483
1900.36349404
1900.55731292
1900.75114148
1900.94497973
1901.13882765
1901.33268525
1901.52655254
1901.72042950
1901.91431614
1902.10821247
1902.30211847
1902.49603415
1902.68995952
1902.88389456
1903.07783928
1903.27179369
1903.46575777
1903.65973153
1903.85371497
1904.04770810
1904.24171090
1904.43572338
1904.62974555
1904.82377739
1905.01781891
1905.21187012
1905.40593100
1905.60000156
1905.79408181
1905.98817173
1906.18227133
1906.37638062
1906.57049958
1906.76462822
1906.95876655
1907.15291455
1907.34707223
1907.54123960
1907.73541664
1907.92960336
1908.12379977
1908.31800585
1908.51222161
1908.70644706
1908.90068218
1909.09492698
1909.28918147
1909.48344563
1909.67771947
1909.87200300
1910.06629620
1910.26059908
1910.45491165
1910.64923389
1910.84356581
1911.03790742
1911.23225870
1911.42661966
1911.62099031
1911.81537063
1912.00976063
1912.20416032
1912.39856968
1912.59298872
1912.78741745
1912.98185585
1913.17630393
1913.37076170
1913.56522914
1913.75970626
1913.95419307
1914.14868955
1914.34319571
1914.53771156
1914.73223708
1914.92677228
1915.12131717
1915.31587173
1915.51043597
1915.70500990
1915.89959350
1916.09418678
1916.28878975
1916.48340239
1916.67802471
1916.87265672
1917.06729840
1917.26194976
1917.45661081
1917.65128153
1917.84596193
1918.04065202
1918.23535178
1918.43006122
1918.62478035
1918.81950915
1919.01424763
1919.20899580
1919.40375364
1919.59852116
1919.79329837
1919.98808525
1920.18288181
1920.37768806
1920.57250398
1920.76732958
1920.96216487
1921.15700983
1921.35186447
1921.54672880
1921.74160280
1921.93648648
1922.13137985
1922.32628289
1922.52119561
1922.71611802
1922.91105010
1923.10599186
1923.30094331
1923.49590443
1923.69087523
1923.88585572
1924.08084588
1924.27584572
1924.47085525
1924.66587445
1924.86090333
1925.05594190
1925.25099014
1925.44604806
1925.64111567
1925.83619295
1926.03127991
1926.22637656
1926.42148288
1926.61659888
1926.81172457
1927.00685993
1927.20200497
1927.39715970
1927.59232410
1927.78749818
1927.98268195
1928.17787539
1928.37307851
1928.56829132
1928.76351380
1928.95874596
1929.15398781
1929.34923933
1929.54450053
1929.73977142
1929.93505198
1930.13034222
1930.32564215
1930.52095175
1930.71627103
1930.91160000
1931.10693864
1931.30228696
1931.49764497
1931.69301265
1931.88839001
1932.08377706
1932.27917378
1932.47458018
1932.66999627
1932.86542203
1933.06085747
1933.25630260
1933.45175740
1933.64722188
1933.84269605
1934.03817989
1934.23367341
1934.42917662
1934.62468950
1934.82021206
1935.01574431
1935.21128623
1935.40683783
1935.60239912
1935.79797008
1935.99355072
1936.18914105
1936.38474105
1936.58035073
1936.77597010
1936.97159914
1937.16723786
1937.36288627
1937.55854435
1937.75421211
1937.94988956
1938.14557668
1938.34127348
1938.53697997
1938.73269613
1938.92842197
1939.12415750
1939.31990270
1939.51565758
1939.71142215
1939.90719639
1940.10298031
1940.29877392
1940.49457720
1940.69039016
1940.88621281
1941.08204513
1941.27788713
1941.47373882
1941.66960018
1941.86547122
1942.06135195
1942.25724235
1942.45314243
1942.64905220
1942.84497164
1943.04090076
1943.23683957
1943.43278805
1943.62874621
1943.82471406
1944.02069158
1944.21667878
1944.41267567
1944.60868223
1944.80469847
1945.00072440
1945.19676000
1945.39280528
1945.58886025
1945.78492489
1945.98099922
1946.17708322
1946.37317690
1946.56928027
1946.76539331
1946.96151603
1947.15764844
1947.35379052
1947.54994228
1947.74610373
1947.94227485
1948.13845565
1948.33464614
1948.53084630
1948.72705614
1948.92327567
1949.11950487
1949.31574375
1949.51199232
1949.70825056
1949.90451848
1950.10079609
1950.29708337
1950.49338033
1950.68968698
1950.88600330
1951.08232930
1951.27866499
1951.47501035
1951.67136539
1951.86773012
1952.06410452
1952.26048860
1952.45688237
1952.65328581
1952.84969893
1953.04612174
1953.24255422
1953.43899638
1953.63544823
1953.83190975
1954.02838095
1954.22486184
1954.42135240
1954.61785264
1954.81436257
1955.01088217
1955.20741145
1955.40395042
1955.60049906
1955.79705738
1955.99362539
1956.19020307
1956.38679043
1956.58338748
1956.77999420
1956.97661060
1957.17323669
1957.36987245
1957.56651790
1957.76317302
1957.95983782
1958.15651231
1958.35319647
1958.54989031
1958.74659384
1958.94330704
1959.14002992
1959.33676249
1959.53350473
1959.73025665
1959.92701826
1960.12378954
1960.32057050
1960.51736115
1960.71416147
1960.91097147
1961.10779116
1961.30462052
1961.50145956
1961.69830829
1961.89516669
1962.09203477
1962.28891254
1962.48579998
1962.68269710
1962.87960391
1963.07652039
1963.27344655
1963.47038240
1963.66732792
1963.86428312
1964.06124801
1964.25822257
1964.45520681
1964.65220074
1964.84920434
1965.04621762
1965.24324059
1965.44027323
1965.63731555
1965.83436756
1966.03142924
1966.22850061
1966.42558165
1966.62267237
1966.81977278
1967.01688286
1967.21400262
1967.41113207
1967.60827119
1967.80541999
1968.00257848
1968.19974664
1968.39692448
1968.59411201
1968.79130921
1968.98851609
1969.18573266
1969.38295890
1969.58019482
1969.77744043
1969.97469571
1970.17196067
1970.36923532
1970.56651964
1970.76381364
1970.96111733
1971.15843069
1971.35575373
1971.55308646
1971.75042886
1971.94778094
1972.14514271
1972.34251415
1972.53989527
1972.73728608
1972.93468656
1973.13209672
1973.32951657
1973.52694609
1973.72438530
1973.92183418
1974.11929274
1974.31676099
1974.51423891
1974.71172651
1974.90922380
1975.10673076
1975.30424740
1975.50177373
1975.69930973
1975.89685541
1976.09441078
1976.29197582
1976.48955054
1976.68713495
1976.88472903
1977.08233279
1977.27994624
1977.47756936
1977.67520216
1977.87284465
1978.07049681
1978.26815865
1978.46583018
1978.66351138
1978.86120226
1979.05890283
1979.25661307
1979.45433300
1979.65206260
1979.84980188
1980.04755085
1980.24530949
1980.44307781
1980.64085582
1980.83864350
1981.03644086
1981.23424791
1981.43206463
1981.62989103
1981.82772712
1982.02557288
1982.22342832
1982.42129345
1982.61916825
1982.81705273
1983.01494690
1983.21285074
1983.41076426
1983.60868747
1983.80662035
1984.00456291
1984.20251516
1984.40047708
1984.59844868
1984.79642997
1984.99442093
1985.19242158
1985.39043190
1985.58845190
1985.78648159
1985.98452095
1986.18256999
1986.38062872
1986.57869712
1986.77677520
1986.97486297
1987.17296041
1987.37106753
1987.56918434
1987.76731082
1987.96544698
1988.16359283
1988.36174835
1988.55991355
1988.75808844
1988.95627300
1989.15446724
1989.35267117
1989.55088477
1989.74910805
1989.94734102
1990.14558366
1990.34383599
1990.54209799
1990.74036967
1990.93865104
1991.13694208
1991.33524280
1991.53355321
1991.73187329
1991.93020305
1992.12854250
1992.32689162
1992.52525042
1992.72361891
1992.92199707
1993.12038491
1993.31878244
1993.51718964
1993.71560652
1993.91403309
1994.11246933
1994.31091525
1994.50937086
1994.70783614
1994.90631111
1995.10479575
1995.30329007
1995.50179408
1995.70030776
1995.89883112
1996.09736417
1996.29590689
1996.49445929
1996.69302138
1996.89159314
1997.09017458
1997.28876571
1997.48736651
1997.68597699
1997.88459716
1998.08322700
1998.28186652
1998.48051573
1998.67917461
1998.87784317
1999.07652142
1999.27520934
1999.47390695
1999.67261423
1999.87133119
2000.07005784
2000.26879416
2000.46754016
2000.66629585
2000.86506121
2001.06383625
2001.26262098
2001.46141538
2001.66021946
2001.85903323
2002.05785667
2002.25668979
2002.45553260
2002.65438508
2002.85324724
2003.05211909
2003.25100061
2003.44989181
2003.64879270
2003.84770326
2004.04662351
2004.24555343
2004.44449303
2004.64344232
2004.84240128
2005.04136992
2005.24034825
2005.43933625
2005.63833393
2005.83734130
2006.03635834
2006.23538506
2006.43442147
2006.63346755
2006.83252331
2007.03158876
2007.23066388
2007.42974868
2007.62884317
2007.82794733
2008.02706118
2008.22618470
2008.42531790
2008.62446079
2008.82361335
2009.02277559
2009.22194752
2009.42112912
2009.62032040
2009.81952137
2010.01873201
2010.21795233
2010.41718234
2010.61642202
2010.81567138
2011.01493043
2011.21419915
2011.41347756
2011.61276564
2011.81206340
2012.01137085
2012.21068797
2012.41001477
2012.60935126
2012.80869742
