3879.54884576
3879.93672899
3880.32461214
3880.71249521
3881.10037819
3881.48826109
3881.87614390
3882.26402664
3882.65190929
3883.03979186
3883.42767434
3883.81555674
3884.20343906
3884.59132130
3884.97920346
3885.36708553
3885.75496751
3886.14284942
3886.53073124
3886.91861298
3887.30649464
3887.69437622
3888.08225771
3888.47013912
3888.85802044
3889.24590169
3889.63378285
3890.02166392
3890.40954492
3890.79742583
3891.18530666
3891.57318741
3891.96106807
3892.34894865
3892.73682915
3893.12470956
3893.51258990
3893.90047015
3894.28835031
3894.67623040
3895.06411040
3895.45199032
3895.83987015
3896.22774990
3896.61562957
3897.00350916
3897.39138867
3897.77926809
3898.16714743
3898.55502668
3898.94290586
3899.33078495
3899.71866395
3900.10654288
3900.49442172
3900.88230048
3901.27017916
3901.65805775
3902.04593626
3902.43381469
3902.82169303
3903.20957130
3903.59744948
3903.98532757
3904.37320559
3904.76108352
3905.14896137
3905.53683913
3905.92471682
3906.31259442
3906.70047193
3907.08834937
3907.47622672
3907.86410399
3908.25198117
3908.63985828
3909.02773530
3909.41561224
3909.80348909
3910.19136586
3910.57924255
3910.96711916
3911.35499568
3911.74287212
3912.13074848
3912.51862476
3912.90650095
3913.29437706
3913.68225309
3914.07012903
3914.45800489
3914.84588067
3915.23375636
3915.62163198
3916.00950751
3916.39738295
3916.78525832
3917.17313360
3917.56100880
3917.94888392
3918.33675895
3918.72463390
3919.11250877
3919.50038355
3919.88825825
3920.27613287
3920.66400741
3921.05188186
3921.43975623
3921.82763052
3922.21550473
3922.60337885
3922.99125289
3923.37912685
3923.76700072
3924.15487451
3924.54274822
3924.93062185
3925.31849539
3925.70636885
3926.09424223
3926.48211552
3926.86998873
3927.25786186
3927.64573491
3928.03360787
3928.42148075
3928.80935355
3929.19722626
3929.58509890
3929.97297144
3930.36084391
3930.74871629
3931.13658860
3931.52446081
3931.91233295
3932.30020500
3932.68807697
3933.07594886
3933.46382066
3933.85169238
3934.23956402
3934.62743558
3935.01530705
3935.40317844
3935.79104975
3936.17892097
3936.56679211
3936.95466317
3937.34253415
3937.73040504
3938.11827585
3938.50614658
3938.89401722
3939.28188779
3939.66975827
3940.05762866
3940.44549898
3940.83336921
3941.22123936
3941.60910942
3941.99697940
3942.38484930
3942.77271912
3943.16058885
3943.54845850
3943.93632807
3944.32419756
3944.71206696
3945.09993628
3945.48780552
3945.87567467
3946.26354375
3946.65141273
3947.03928164
3947.42715046
3947.81501920
3948.20288786
3948.59075644
3948.97862493
3949.36649334
3949.75436166
3950.14222991
3950.53009807
3950.91796615
3951.30583414
3951.69370205
3952.08156988
3952.46943763
3952.85730529
3953.24517288
3953.63304037
3954.02090779
3954.40877512
3954.79664237
3955.18450954
3955.57237662
3955.96024363
3956.34811055
3956.73597738
3957.12384413
3957.51171081
3957.89957739
3958.28744390
3958.67531032
3959.06317666
3959.45104292
3959.83890909
3960.22677518
3960.61464119
3961.00250711
3961.39037296
3961.77823872
3962.16610439
3962.55396999
3962.94183550
3963.32970093
3963.71756627
3964.10543153
3964.49329671
3964.88116181
3965.26902683
3965.65689176
3966.04475661
3966.43262137
3966.82048606
3967.20835066
3967.59621517
3967.98407961
3968.37194396
3968.75980823
3969.14767242
3969.53553652
3969.92340054
3970.31126448
3970.69912833
3971.08699211
3971.47485580
3971.86271940
3972.25058293
3972.63844637
3973.02630973
3973.41417300
3973.80203620
3974.18989931
3974.57776233
3974.96562528
3975.35348814
3975.74135092
3976.12921361
3976.51707623
3976.90493876
3977.29280121
3977.68066357
3978.06852585
3978.45638805
3978.84425017
3979.23211220
3979.61997415
3980.00783602
3980.39569781
3980.78355951
3981.17142113
3981.55928267
3981.94714412
3982.33500549
3982.72286678
3983.11072798
3983.49858911
3983.88645015
3984.27431110
3984.66217198
3985.05003277
3985.43789348
3985.82575411
3986.21361465
3986.60147511
3986.98933549
3987.37719578
3987.76505599
3988.15291612
3988.54077617
3988.92863613
3989.31649601
3989.70435581
3990.09221553
3990.48007516
3990.86793471
3991.25579418
3991.64365356
3992.03151286
3992.41937208
3992.80723122
3993.19509027
3993.58294924
3993.97080813
3994.35866693
3994.74652565
3995.13438429
3995.52224285
3995.91010132
3996.29795971
3996.68581802
3997.07367624
3997.46153439
3997.84939244
3998.23725042
3998.62510831
3999.01296613
3999.40082385
3999.78868150
4000.17653906
4000.56439654
4000.95225394
4001.34011125
4001.72796848
4002.11582563
4002.50368270
4002.89153968
4003.27939658
4003.66725340
4004.05511013
4004.44296678
4004.83082335
4005.21867984
4005.60653624
4005.99439256
4006.38224880
4006.77010495
4007.15796103
4007.54581702
4007.93367292
4008.32152875
4008.70938449
4009.09724014
4009.48509572
4009.87295121
4010.26080662
4010.64866195
4011.03651719
4011.42437235
4011.81222743
4012.20008243
4012.58793734
4012.97579217
4013.36364692
4013.75150158
4014.13935616
4014.52721066
4014.91506508
4015.30291941
4015.69077366
4016.07862783
4016.46648192
4016.85433592
4017.24218984
4017.63004367
4018.01789743
4018.40575110
4018.79360469
4019.18145819
4019.56931161
4019.95716495
4020.34501821
4020.73287138
4021.12072448
4021.50857748
4021.89643041
4022.28428325
4022.67213601
4023.05998869
4023.44784128
4023.83569380
4024.22354623
4024.61139857
4024.99925083
4025.38710301
4025.77495511
4026.16280713
4026.55065906
4026.93851091
4027.32636268
4027.71421436
4028.10206596
4028.48991748
4028.87776891
4029.26562027
4029.65347154
4030.04132272
4030.42917383
4030.81702485
4031.20487579
4031.59272664
4031.98057741
4032.36842810
4032.75627871
4033.14412924
4033.53197968
4033.91983004
4034.30768031
4034.69553051
4035.08338062
4035.47123064
4035.85908059
4036.24693045
4036.63478023
4037.02262993
4037.41047954
4037.79832907
4038.18617852
4038.57402788
4038.96187717
4039.34972637
4039.73757548
4040.12542452
4040.51327347
4040.90112234
4041.28897112
4041.67681983
4042.06466845
4042.45251698
4042.84036544
4043.22821381
4043.61606210
4044.00391030
4044.39175843
4044.77960647
4045.16745443
4045.55530230
4045.94315009
4046.33099780
4046.71884543
4047.10669297
4047.49454043
4047.88238781
4048.27023511
4048.65808232
4049.04592945
4049.43377649
4049.82162346
4050.20947034
4050.59731714
4050.98516385
4051.37301049
4051.76085704
4052.14870350
4052.53654989
4052.92439619
4053.31224241
4053.70008855
4054.08793460
4054.47578057
4054.86362646
4055.25147226
4055.63931798
4056.02716362
4056.41500918
4056.80285465
4057.19070004
4057.57854535
4057.96639058
4058.35423572
4058.74208078
4059.12992576
4059.51777065
4059.90561546
4060.29346019
4060.68130484
4061.06914940
4061.45699388
4061.84483828
4062.23268259
4062.62052682
4063.00837097
4063.39621504
4063.78405902
4064.17190292
4064.55974674
4064.94759047
4065.33543413
4065.72327769
4066.11112118
4066.49896458
4066.88680791
4067.27465114
4067.66249430
4068.05033737
4068.43818036
4068.82602327
4069.21386609
4069.60170883
4069.98955149
4070.37739407
4070.76523656
4071.15307897
4071.54092130
4071.92876354
4072.31660570
4072.70444778
4073.09228978
4073.48013169
4073.86797352
4074.25581527
4074.64365693
4075.03149852
4075.41934002
4075.80718143
4076.19502277
4076.58286402
4076.97070518
4077.35854627
4077.74638727
4078.13422819
4078.52206903
4078.90990978
4079.29775045
4079.68559104
4080.07343155
4080.46127197
4080.84911231
4081.23695257
4081.62479274
4082.01263283
4082.40047284
4082.78831277
4083.17615261
4083.56399237
4083.95183205
4084.33967165
4084.72751116
4085.11535059
4085.50318993
4085.89102920
4086.27886838
4086.66670748
4087.05454649
4087.44238542
4087.83022427
4088.21806304
4088.60590172
4088.99374033
4089.38157884
4089.76941728
4090.15725563
4090.54509390
4090.93293209
4091.32077019
4091.70860822
4092.09644615
4092.48428401
4092.87212178
4093.25995947
4093.64779708
4094.03563461
4094.42347205
4094.81130941
4095.19914668
4095.58698388
4095.97482099
4096.36265802
4096.75049496
4097.13833183
4097.52616860
4097.91400530
4098.30184192
4098.68967845
4099.07751490
4099.46535126
4099.85318754
4100.24102374
4100.62885986
4101.01669590
4101.40453185
4101.79236772
4102.18020350
4102.56803921
4102.95587483
4103.34371036
4103.73154582
4104.11938119
4104.50721648
4104.89505169
4105.28288681
4105.67072185
4106.05855681
4106.44639168
4106.83422648
4107.22206119
4107.60989581
4107.99773036
4108.38556482
4108.77339920
4109.16123349
4109.54906771
4109.93690184
4110.32473588
4110.71256985
4111.10040373
4111.48823753
4111.87607124
4112.26390488
4112.65173843
4113.03957190
4113.42740528
4113.81523858
4114.20307180
4114.59090494
4114.97873799
4115.36657096
4115.75440385
4116.14223666
4116.53006938
4116.91790202
4117.30573457
4117.69356705
4118.08139944
4118.46923175
4118.85706397
4119.24489612
4119.63272818
4120.02056015
4120.40839205
4120.79622386
4121.18405559
4121.57188724
4121.95971880
4122.34755028
4122.73538168
4123.12321299
4123.51104422
4123.89887537
4124.28670644
4124.67453742
4125.06236832
4125.45019914
4125.83802988
4126.22586053
4126.61369110
4127.00152159
4127.38935199
4127.77718231
4128.16501255
4128.55284271
4128.94067278
4129.32850277
4129.71633268
4130.10416250
4130.49199224
4130.87982190
4131.26765148
4131.65548097
4132.04331038
4132.43113971
4132.81896895
4133.20679811
4133.59462719
4133.98245619
4134.37028510
4134.75811393
4135.14594268
4135.53377135
4135.92159993
4136.30942843
4136.69725685
4137.08508518
4137.47291343
4137.86074160
4138.24856969
4138.63639769
4139.02422561
4139.41205345
4139.79988120
4140.18770887
4140.57553646
4140.96336397
4141.35119139
4141.73901873
4142.12684599
4142.51467316
4142.90250026
4143.29032727
4143.67815419
4144.06598104
4144.45380780
4144.84163447
4145.22946107
4145.61728758
4146.00511401
4146.39294036
4146.78076662
4147.16859280
4147.55641890
4147.94424492
4148.33207085
4148.71989670
4149.10772247
4149.49554815
4149.88337375
4150.27119927
4150.65902471
4151.04685006
4151.43467533
4151.82250052
4152.21032563
4152.59815065
4152.98597559
4153.37380044
4153.76162522
4154.14944991
4154.53727452
4154.92509904
4155.31292348
4155.70074784
4156.08857212
4156.47639631
4156.86422043
4157.25204445
4157.63986840
4158.02769226
4158.41551604
4158.80333974
4159.19116335
4159.57898689
4159.96681033
4160.35463370
4160.74245698
4161.13028018
4161.51810330
4161.90592634
4162.29374929
4162.68157216
4163.06939494
4163.45721765
4163.84504027
4164.23286281
4164.62068526
4165.00850763
4165.39632992
4165.78415213
4166.17197426
4166.55979630
4166.94761826
4167.33544013
4167.72326192
4168.11108363
4168.49890526
4168.88672681
4169.27454827
4169.66236965
4170.05019094
4170.43801216
4170.82583329
4171.21365433
4171.60147530
4171.98929618
4172.37711698
4172.76493770
4173.15275833
4173.54057888
4173.92839935
4174.31621973
4174.70404004
4175.09186026
4175.47968039
4175.86750045
4176.25532042
4176.64314031
4177.03096011
4177.41877984
4177.80659948
4178.19441903
4178.58223851
4178.97005790
4179.35787721
4179.74569643
4180.13351558
4180.52133464
4180.90915361
4181.29697251
4181.68479132
4182.07261005
4182.46042870
4182.84824726
4183.23606574
4183.62388414
4184.01170246
4184.39952069
4184.78733884
4185.17515690
4185.56297489
4185.95079279
4186.33861061
4186.72642834
4187.11424600
4187.50206357
4187.88988105
4188.27769846
4188.66551578
4189.05333302
4189.44115017
4189.82896725
4190.21678424
4190.60460115
4190.99241797
4191.38023471
4191.76805137
4192.15586795
4192.54368444
4192.93150085
4193.31931718
4193.70713343
4194.09494959
4194.48276567
4194.87058167
4195.25839758
4195.64621341
4196.03402916
4196.42184483
4196.80966041
4197.19747591
4197.58529133
4197.97310666
4198.36092191
4198.74873708
4199.13655217
4199.52436717
4199.91218209
4200.29999693
4200.68781168
4201.07562635
4201.46344094
4201.85125545
4202.23906987
4202.62688421
4203.01469847
4203.40251265
4203.79032674
4204.17814075
4204.56595468
4204.95376852
4205.34158228
4205.72939596
4206.11720956
4206.50502307
4206.89283650
4207.28064985
4207.66846311
4208.05627629
4208.44408939
4208.83190241
4209.21971534
4209.60752819
4209.99534096
4210.38315364
4210.77096625
4211.15877877
4211.54659120
4211.93440356
4212.32221583
4212.71002801
4213.09784012
4213.48565214
4213.87346408
4214.26127594
4214.64908771
4215.03689940
4215.42471101
4215.81252254
4216.20033398
4216.58814534
4216.97595662
4217.36376781
4217.75157892
4218.13938995
4218.52720090
4218.91501176
4219.30282254
4219.69063324
4220.07844386
4220.46625439
4220.85406484
4221.24187520
4221.62968549
4222.01749569
4222.40530581
4222.79311584
4223.18092579
4223.56873566
4223.95654545
4224.34435515
4224.73216478
4225.11997431
4225.50778377
4225.89559314
4226.28340243
4226.67121164
4227.05902076
4227.44682981
4227.83463876
4228.22244764
4228.61025643
4228.99806514
4229.38587377
4229.77368232
4230.16149078
4230.54929916
4230.93710745
4231.32491567
4231.71272380
4232.10053185
4232.48833981
4232.87614769
4233.26395549
4233.65176321
4234.03957085
4234.42737840
4234.81518586
4235.20299325
4235.59080055
4235.97860777
4236.36641491
4236.75422197
4237.14202894
4237.52983583
4237.91764263
4238.30544936
4238.69325600
4239.08106255
4239.46886903
4239.85667542
4240.24448173
4240.63228796
4241.02009410
4241.40790016
4241.79570614
4242.18351203
4242.57131785
4242.95912358
4243.34692922
4243.73473479
4244.12254027
4244.51034567
4244.89815098
4245.28595621
4245.67376136
4246.06156643
4246.44937142
4246.83717632
4247.22498114
4247.61278587
4248.00059053
4248.38839510
4248.77619958
4249.16400399
4249.55180831
4249.93961255
4250.32741671
4250.71522078
4251.10302477
4251.49082868
4251.87863251
4252.26643625
4252.65423991
4253.04204348
4253.42984698
4253.81765039
4254.20545372
4254.59325696
4254.98106013
4255.36886321
4255.75666620
4256.14446912
4256.53227195
4256.92007470
4257.30787736
4257.69567995
4258.08348245
4258.47128487
4258.85908720
4259.24688945
4259.63469162
4260.02249371
4260.41029571
4260.79809763
4261.18589947
4261.57370123
4261.96150290
4262.34930449
4262.73710600
4263.12490742
4263.51270876
4263.90051002
4264.28831119
4264.67611229
4265.06391330
4265.45171422
4265.83951507
4266.22731583
4266.61511651
4267.00291711
4267.39071762
4267.77851805
4268.16631840
4268.55411866
4268.94191884
4269.32971894
4269.71751896
4270.10531889
4270.49311874
4270.88091851
4271.26871820
4271.65651780
4272.04431732
4272.43211676
4272.81991611
4273.20771538
4273.59551457
4273.98331368
4274.37111270
4274.75891164
4275.14671050
4275.53450927
4275.92230796
4276.31010657
4276.69790510
4277.08570354
4277.47350190
4277.86130018
4278.24909837
4278.63689649
4279.02469451
4279.41249246
4279.80029033
4280.18808811
4280.57588580
4280.96368342
4281.35148095
4281.73927840
4282.12707577
4282.51487305
4282.90267025
4283.29046737
4283.67826441
4284.06606136
4284.45385823
4284.84165502
4285.22945172
4285.61724834
4286.00504488
4286.39284134
4286.78063771
4287.16843400
4287.55623021
4287.94402634
4288.33182238
4288.71961834
4289.10741421
4289.49521001
4289.88300572
4290.27080135
4290.65859689
4291.04639235
4291.43418773
4291.82198303
4292.20977824
4292.59757337
4292.98536842
4293.37316339
4293.76095827
4294.14875307
4294.53654779
4294.92434242
4295.31213698
4295.69993144
4296.08772583
4296.47552013
4296.86331435
4297.25110849
4297.63890255
4298.02669652
4298.41449041
4298.80228421
4299.19007794
4299.57787158
4299.96566514
4300.35345861
4300.74125200
4301.12904531
4301.51683854
4301.90463169
4302.29242475
4302.68021772
4303.06801062
4303.45580343
4303.84359616
4304.23138881
4304.61918138
4305.00697386
4305.39476626
4305.78255857
4306.17035080
4306.55814296
4306.94593502
4307.33372701
4307.72151891
4308.10931073
4308.49710247
4308.88489412
4309.27268569
4309.66047718
4310.04826858
4310.43605991
4310.82385115
4311.21164230
4311.59943338
4311.98722437
4312.37501528
4312.76280610
4313.15059684
4313.53838750
4313.92617808
4314.31396858
4314.70175899
4315.08954932
4315.47733956
4315.86512973
4316.25291981
4316.64070980
4317.02849972
4317.41628955
4317.80407930
4318.19186897
4318.57965855
4318.96744805
4319.35523747
4319.74302680
4320.13081606
4320.51860523
4320.90639431
4321.29418332
4321.68197224
4322.06976108
4322.45754983
4322.84533851
4323.23312710
4323.62091560
4324.00870403
4324.39649237
4324.78428063
4325.17206880
4325.55985690
4325.94764491
4326.33543284
4326.72322068
4327.11100844
4327.49879612
4327.88658372
4328.27437123
4328.66215866
4329.04994601
4329.43773328
4329.82552046
4330.21330756
4330.60109458
4330.98888151
4331.37666836
4331.76445513
4332.15224181
4332.54002842
4332.92781494
4333.31560137
4333.70338773
4334.09117400
4334.47896019
4334.86674630
4335.25453232
4335.64231826
4336.03010412
4336.41788989
4336.80567558
4337.19346119
4337.58124672
4337.96903216
4338.35681752
4338.74460280
4339.13238800
4339.52017311
4339.90795814
4340.29574309
4340.68352795
4341.07131273
4341.45909743
4341.84688205
4342.23466658
4342.62245103
4343.01023540
4343.39801968
4343.78580388
4344.17358800
4344.56137204
4344.94915599
4345.33693986
4345.72472365
4346.11250735
4346.50029098
4346.88807451
4347.27585797
4347.66364134
4348.05142464
4348.43920784
4348.82699097
4349.21477401
4349.60255697
4349.99033985
4350.37812264
4350.76590535
4351.15368798
4351.54147053
4351.92925299
4352.31703537
4352.70481767
4353.09259988
4353.48038201
4353.86816406
4354.25594603
4354.64372791
4355.03150971
4355.41929143
4355.80707306
4356.19485462
4356.58263609
4356.97041747
4357.35819878
4357.74598000
4358.13376114
4358.52154219
4358.90932316
4359.29710405
4359.68488486
4360.07266558
4360.46044622
4360.84822678
4361.23600726
4361.62378765
4362.01156796
4362.39934819
4362.78712833
4363.17490840
4363.56268837
4363.95046827
4364.33824808
4364.72602781
4365.11380746
4365.50158703
4365.88936651
4366.27714591
4366.66492522
4367.05270446
4367.44048361
4367.82826268
4368.21604166
4368.60382056
4368.99159938
4369.37937812
4369.76715677
4370.15493535
4370.54271383
4370.93049224
4371.31827056
4371.70604880
4372.09382696
4372.48160503
4372.86938303
4373.25716094
4373.64493876
4374.03271650
4374.42049417
4374.80827174
4375.19604924
4375.58382665
4375.97160398
4376.35938123
4376.74715839
4377.13493547
4377.52271247
4377.91048938
4378.29826622
4378.68604297
4379.07381963
4379.46159622
4379.84937272
4380.23714914
4380.62492547
4381.01270172
4381.40047789
4381.78825398
4382.17602999
4382.56380591
4382.95158175
4383.33935750
4383.72713318
4384.11490877
4384.50268427
4384.89045970
4385.27823504
4385.66601030
4386.05378548
4386.44156057
4386.82933558
4387.21711051
4387.60488535
4387.99266012
4388.38043480
4388.76820939
4389.15598391
4389.54375834
4389.93153269
4390.31930695
4390.70708114
4391.09485524
4391.48262925
4391.87040319
4392.25817704
4392.64595081
4393.03372449
4393.42149810
4393.80927162
4394.19704506
4394.58481841
4394.97259168
4395.36036487
4395.74813798
4396.13591100
4396.52368394
4396.91145680
4397.29922958
4397.68700227
4398.07477488
4398.46254740
4398.85031985
4399.23809221
4399.62586449
4400.01363668
4400.40140880
4400.78918083
4401.17695277
4401.56472464
4401.95249642
4402.34026812
4402.72803974
4403.11581127
4403.50358272
4403.89135409
4404.27912537
4404.66689657
4405.05466769
4405.44243873
4405.83020968
4406.21798055
4406.60575134
4406.99352205
4407.38129267
4407.76906321
4408.15683367
4408.54460404
4408.93237433
4409.32014454
4409.70791467
4410.09568471
4410.48345467
4410.87122455
4411.25899434
4411.64676405
4412.03453368
4412.42230323
4412.81007269
4413.19784207
4413.58561137
4413.97338058
4414.36114972
4414.74891876
4415.13668773
4415.52445661
4415.91222542
4416.29999413
4416.68776277
4417.07553132
4417.46329979
4417.85106818
4418.23883648
4418.62660470
4419.01437284
4419.40214090
4419.78990887
4420.17767676
4420.56544457
4420.95321229
4421.34097993
4421.72874749
4422.11651497
4422.50428236
4422.89204967
4423.27981690
4423.66758404
4424.05535111
4424.44311809
4424.83088498
4425.21865180
4425.60641853
4425.99418517
4426.38195174
4426.76971822
4427.15748462
4427.54525094
4427.93301717
4428.32078332
4428.70854939
4429.09631538
4429.48408128
4429.87184710
4430.25961284
4430.64737849
4431.03514406
4431.42290955
