1326.87671370
1327.18140071
1327.48616851
1327.79101712
1328.09594653
1328.40095673
1328.70604774
1329.01121955
1329.31647215
1329.62180556
1329.92721977
1330.23271477
1330.53829058
1330.84394719
1331.14968459
1331.45550280
1331.76140181
1332.06738161
1332.37344222
1332.67958363
1332.98580583
1333.29210884
1333.59849265
1333.90495725
1334.21150266
1334.51812887
1334.82483587
1335.13162368
1335.43849229
1335.74544169
1336.05247190
1336.35958291
1336.66677471
1336.97404732
1337.28140073
1337.58883493
1337.89634994
1338.20394574
1338.51162235
1338.81937976
1339.12721796
1339.43513697
1339.74313678
1340.05121738
1340.35937879
1340.66762100
1340.97594400
1341.28434781
1341.59283242
1341.90139782
1342.21004403
1342.51877104
1342.82757884
1343.13646745
1343.44543686
1343.75448706
1344.06361807
1344.37282988
1344.68212248
1344.99149589
1345.30095010
1345.61048510
1345.92010091
1346.22979751
1346.53957492
1346.84943313
1347.15937213
1347.46939194
1347.77949255
1348.08967395
1348.39993616
1348.71027917
1349.02070297
1349.33120758
1349.64179299
1349.95245919
1350.26320620
1350.57403401
1350.88494261
1351.19593202
1351.50700222
1351.81815323
1352.12938504
1352.44069764
1352.75209105
1353.06356526
1353.37512026
1353.68675607
1353.99847268
1354.31027008
1354.62214829
1354.93410730
1355.24614710
1355.55826771
1355.87046911
1356.18275132
1356.49511433
1356.80755813
1357.12008274
1357.43268815
1357.74537435
1358.05814136
1358.37098917
1358.68391777
1358.99692718
1359.31001738
1359.62318839
1359.93644020
1360.24977280
1360.56318621
1360.87668042
1361.19025542
1361.50391123
1361.81764784
1362.13146524
1362.44536345
1362.75934245
1363.07340226
1363.38754287
1363.70176427
1364.01606648
1364.33044949
1364.64491329
1364.95945790
1365.27408330
1365.58878951
1365.90357652
1366.21844432
1366.53339293
1366.84842234
1367.16353254
1367.47872355
1367.79399536
1368.10934796
1368.42478137
1368.74029557
1369.05589058
1369.37156639
1369.68732299
1370.00316040
1370.31907861
1370.63507761
1370.95115742
1371.26731802
1371.58355943
1371.89988164
1372.21628464
1372.53276845
1372.84933306
1373.16597846
1373.48270467
1373.79951167
1374.11639948
1374.43336809
1374.75041749
1375.06754770
1375.38475870
1375.70205051
1376.01942312
1376.33687652
1376.65441073
1376.97202574
1377.28972154
1377.60749815
1377.92535555
1378.24329376
1378.56131277
1378.87941257
1379.19759318
1379.51585459
1379.83419679
1380.15261980
1380.47112360
1380.78970821
1381.10837362
1381.42711982
1381.74594683
1382.06485463
1382.38384324
1382.70291265
1383.02206285
1383.34129386
1383.66060566
1383.97999827
1384.29947168
1384.61902588
1384.93866089
1385.25837670
1385.57817330
1385.89805071
1386.21800891
1386.53804792
1386.85816773
1387.17836833
1387.49864974
1387.81901194
1388.13945495
1388.45997876
1388.78058336
1389.10126877
1389.42203497
1389.74288198
1390.06380979
1390.38481839
1390.70590780
1391.02707800
1391.34832901
1391.66966082
1391.99107342
1392.31256683
1392.63414103
1392.95579604
1393.27753185
1393.59934845
1393.92124586
1394.24322406
1394.56528307
1394.88742288
1395.20964348
1395.53194489
1395.85432709
1396.17679010
1396.49933391
1396.82195851
1397.14466392
1397.46745012
1397.79031713
1398.11326494
1398.43629354
1398.75940295
1399.08259315
1399.40586416
1399.72921597
1400.05264857
1400.37616198
1400.69975618
1401.02343119
1401.34718700
1401.67102360
1401.99494101
1402.31893921
1402.64301822
1402.96717803
1403.29141863
1403.61574004
1403.94014224
1404.26462525
1404.58918906
1404.91383366
1405.23855907
1405.56336527
1405.88825228
1406.21322008
1406.53826869
1406.86339810
1407.18860830
1407.51389931
1407.83927111
1408.16472372
1408.49025713
1408.81587133
1409.14156634
1409.46734214
1409.79319875
1410.11913616
1410.44515436
1410.77125337
1411.09743317
1411.42369378
1411.75003518
1412.07645739
1412.40296040
1412.72954420
1413.05620881
1413.38295421
1413.70978042
1414.03668743
1414.36367523
1414.69074384
1415.01789324
1415.34512345
1415.67243445
1415.99982626
1416.32729887
1416.65485227
1416.98248648
1417.31020148
1417.63799729
1417.96587389
1418.29383130
1418.62186951
1418.94998851
1419.27818832
1419.60646892
1419.93483033
1420.26327254
1420.59179554
1420.92039935
1421.24908395
1421.57784936
1421.90669556
1422.23562257
1422.56463038
1422.89371898
1423.22288839
1423.55213859
1423.88146960
1424.21088140
1424.54037401
1424.86994742
1425.19960162
1425.52933663
1425.85915243
1426.18904904
1426.51902644
1426.84908465
1427.17922366
1427.50944346
1427.83974407
1428.17012547
1428.50058768
1428.83113068
1429.16175449
1429.49245909
1429.82324450
1430.15411071
1430.48505771
1430.81608552
1431.14719412
1431.47838353
1431.80965373
1432.14100474
1432.47243655
1432.80394915
1433.13554256
1433.46721676
1433.79897177
1434.13080757
1434.46272418
1434.79472158
1435.12679979
1435.45895880
1435.79119860
1436.12351921
1436.45592061
1436.78840282
1437.12096582
1437.45360963
1437.78633424
1438.11913964
1438.45202585
1438.78499285
1439.11804066
1439.45116926
1439.78437867
1440.11766887
1440.45103988
1440.78449169
1441.11802429
1441.45163770
1441.78533190
1442.11910691
1442.45296271
1442.78689932
1443.12091672
1443.45501493
1443.78919394
1444.12345374
1444.45779435
1444.79221575
1445.12671796
1445.46130096
1445.79596477
1446.13070937
1446.46553478
1446.80044098
1447.13542799
1447.47049580
1447.80564440
1448.14087381
1448.47618401
1448.81157502
1449.14704682
1449.48259943
1449.81823283
1450.15394704
1450.48974205
1450.82561785
1451.16157446
1451.49761186
1451.83373007
1452.16992907
1452.50620888
1452.84256948
1453.17901089
1453.51553309
1453.85213610
1454.18881990
1454.52558451
1454.86242992
1455.19935612
1455.53636313
1455.87345093
1456.21061954
1456.54786894
1456.88519915
1457.22261015
1457.56010196
1457.89767456
1458.23532797
1458.57306218
1458.91087718
1459.24877299
1459.58674959
1459.92480700
1460.26294520
1460.60116421
1460.93946401
1461.27784462
1461.61630602
1461.95484823
1462.29347123
1462.63217504
1462.97095964
1463.30982505
1463.64877126
1463.98779826
1464.32690607
1464.66609467
1465.00536408
1465.34471428
1465.68414529
1466.02365709
1466.36324970
1466.70292310
1467.04267731
1467.38251231
1467.72242812
1468.06242472
1468.40250213
1468.74266034
1469.08289934
1469.42321915
1469.76361975
1470.10410116
1470.44466336
1470.78530637
1471.12603017
1471.46683478
1471.80772018
1472.14868639
1472.48973339
1472.83086120
1473.17206980
1473.51335921
1473.85472941
1474.19618042
1474.53771222
1474.87932483
1475.22101823
1475.56279244
1475.90464745
1476.24658325
1476.58859986
1476.93069726
1477.27287547
1477.61513447
1477.95747428
1478.29989488
1478.64239629
1478.98497849
1479.32764150
1479.67038530
1480.01320991
1480.35611531
1480.69910152
1481.04216852
1481.38531633
1481.72854493
1482.07185434
1482.41524454
1482.75871555
1483.10226735
1483.44589996
1483.78961336
1484.13340757
1484.47728257
1484.82123838
1485.16527499
1485.50939239
1485.85359060
1486.19786960
1486.54222941
1486.88667001
1487.23119142
1487.57579362
1487.92047663
1488.26524043
1488.61008504
1488.95501044
1489.30001665
1489.64510365
1489.99027146
1490.33552006
1490.68084947
1491.02625967
1491.37175068
1491.71732248
1492.06297509
1492.40870849
1492.75452270
1493.10041770
1493.44639351
1493.79245011
1494.13858752
1494.48480572
1494.83110473
1495.17748453
1495.52394514
1495.87048654
1496.21710875
1496.56381175
1496.91059556
1497.25746016
1497.60440557
1497.95143177
1498.29853878
1498.64572658
1498.99299519
1499.34034459
1499.68777480
1500.03528580
1500.38287761
1500.73055021
1501.07830362
1501.42613782
1501.77405283
1502.12204863
1502.47012524
1502.81828264
1503.16652085
1503.51483985
1503.86323966
1504.21172026
1504.56028167
1504.90892387
1505.25764688
1505.60645068
1505.95533529
1506.30430069
1506.65334690
1507.00247390
1507.35168171
1507.70097031
1508.05033972
1508.39978992
1508.74932093
1509.09893273
1509.44862534
1509.79839874
1510.14825295
1510.49818795
1510.84820376
1511.19830036
1511.54847777
1511.89873597
1512.24907498
1512.59949478
1512.94999539
1513.30057679
1513.65123900
1514.00198200
1514.35280580
1514.70371041
1515.05469581
1515.40576202
1515.75690902
1516.10813683
1516.45944543
1516.81083484
1517.16230504
1517.51385605
1517.86548785
1518.21720046
1518.56899386
1518.92086807
1519.27282307
1519.62485888
1519.97697548
1520.32917289
1520.68145109
1521.03381010
1521.38624990
1521.73877051
1522.09137191
1522.44405412
1522.79681712
1523.14966093
1523.50258553
1523.85559093
1524.20867714
1524.56184414
1524.91509195
1525.26842055
1525.62182996
1525.97532016
1526.32889117
1526.68254297
1527.03627558
1527.39008898
1527.74398319
1528.09795819
1528.45201400
1528.80615060
1529.16036801
1529.51466621
1529.86904522
1530.22350502
1530.57804563
1530.93266703
1531.28736923
1531.64215224
1531.99701604
1532.35196065
1532.70698605
1533.06209226
1533.41727926
1533.77254707
1534.12789567
1534.48332508
1534.83883528
1535.19442629
1535.55009809
1535.90585070
1536.26168410
1536.61759830
1536.97359331
1537.32966911
1537.68582572
1538.04206312
1538.39838133
1538.75478033
1539.11126014
1539.46782074
1539.82446215
1540.18118435
1540.53798736
1540.89487116
1541.25183577
1541.60888117
1541.96600737
1542.32321438
1542.68050218
1543.03787079
1543.39532019
1543.75285040
1544.11046140
1544.46815321
1544.82592581
1545.18377922
1545.54171342
1545.89972842
1546.25782423
1546.61600083
1546.97425824
1547.33259644
1547.69101545
1548.04951525
1548.40809586
1548.76675726
1549.12549947
1549.48432247
1549.84322627
1550.20221088
1550.56127628
1550.92042249
1551.27964949
1551.63895730
1551.99834590
1552.35781531
1552.71736551
1553.07699652
1553.43670832
1553.79650092
1554.15637433
1554.51632853
1554.87636354
1555.23647934
1555.59667595
1555.95695335
1556.31731156
1556.67775056
1557.03827037
1557.39887097
1557.75955237
1558.12031458
1558.48115758
1558.84208139
1559.20308599
1559.56417140
1559.92533760
1560.28658461
1560.64791241
1561.00932101
1561.37081042
1561.73238062
1562.09403163
1562.45576343
1562.81757604
1563.17946944
1563.54144365
1563.90349865
1564.26563445
1564.62785106
1564.99014846
1565.35252667
1565.71498567
1566.07752548
1566.44014608
1566.80284748
1567.16562969
1567.52849269
1567.89143650
1568.25446110
1568.61756651
1568.98075271
1569.34401972
1569.70736752
1570.07079612
1570.43430553
1570.79789573
1571.16156674
1571.52531854
1571.88915115
1572.25306455
1572.61705875
1572.98113376
1573.34528956
1573.70952617
1574.07384357
1574.43824178
1574.80272078
1575.16728058
1575.53192119
1575.89664259
1576.26144480
1576.62632780
1576.99129161
1577.35633621
1577.72146162
1578.08666782
1578.45195482
1578.81732263
1579.18277123
1579.54830064
1579.91391084
1580.27960185
1580.64537365
1581.01122625
1581.37715966
1581.74317386
1582.10926887
1582.47544467
1582.84170127
1583.20803868
1583.57445688
1583.94095589
1584.30753569
1584.67419630
1585.04093770
1585.40775990
1585.77466291
1586.14164671
1586.50871132
1586.87585672
1587.24308293
1587.61038993
1587.97777773
1588.34524634
1588.71279574
1589.08042595
1589.44813695
1589.81592876
1590.18380136
1590.55175476
1590.91978897
1591.28790397
1591.65609978
1592.02437638
1592.39273378
1592.76117199
1593.12969099
1593.49829080
1593.86697140
1594.23573281
1594.60457501
1594.97349801
1595.34250182
1595.71158642
1596.08075183
1596.44999803
1596.81932503
1597.18873284
1597.55822144
1597.92779085
1598.29744105
1598.66717205
1599.03698386
1599.40687646
1599.77684987
1600.14690407
1600.51703908
1600.88725488
1601.25755148
1601.62792889
1601.99838709
1602.36892610
1602.73954590
1603.11024650
1603.48102791
1603.85189011
1604.22283312
1604.59385692
1604.96496152
1605.33614693
1605.70741313
1606.07876014
1606.45018794
1606.82169654
1607.19328595
1607.56495615
1607.93670716
1608.30853896
1608.68045156
1609.05244497
1609.42451917
1609.79667418
1610.16890998
1610.54122658
1610.91362399
1611.28610219
1611.65866120
1612.03130100
1612.40402160
1612.77682301
1613.14970521
1613.52266822
1613.89571202
1614.26883662
1614.64204203
1615.01532823
1615.38869524
1615.76214304
1616.13567164
1616.50928105
1616.88297125
1617.25674226
1617.63059406
1618.00452666
1618.37854007
1618.75263427
1619.12680928
1619.50106508
1619.87540168
1620.24981909
1620.62431729
1620.99889630
1621.37355610
1621.74829670
1622.12311811
1622.49802031
1622.87300332
1623.24806712
1623.62321172
1623.99843713
1624.37374333
1624.74913033
1625.12459814
1625.50014674
1625.87577615
1626.25148635
1626.62727735
1627.00314916
1627.37910176
1627.75513517
1628.13124937
1628.50744437
1628.88372018
1629.26007678
1629.63651418
1630.01303239
1630.38963139
1630.76631120
1631.14307180
1631.51991320
1631.89683541
1632.27383841
1632.65092222
1633.02808682
1633.40533222
1633.78265843
1634.16006543
1634.53755323
1634.91512184
1635.29277124
1635.67050145
1636.04831245
1636.42620425
1636.80417686
1637.18223026
1637.56036446
1637.93857947
1638.31687527
1638.69525188
1639.07370928
1639.45224748
1639.83086649
1640.20956629
1640.58834690
1640.96720830
1641.34615050
1641.72517351
1642.10427731
1642.48346191
1642.86272732
1643.24207352
1643.62150053
1644.00100833
1644.38059693
1644.76026634
1645.14001654
1645.51984754
1645.89975935
1646.27975195
1646.65982535
1647.03997956
1647.42021456
1647.80053037
1648.18092697
1648.56140437
1648.94196258
1649.32260158
1649.70332138
1650.08412199
1650.46500339
1650.84596560
1651.22700860
1651.60813240
1651.98933701
1652.37062241
1652.75198861
1653.13343562
1653.51496342
1653.89657202
1654.27826143
1654.66003163
1655.04188264
1655.42381444
1655.80582704
1656.18792045
1656.57009465
1656.95234965
1657.33468546
1657.71710206
1658.09959946
1658.48217767
1658.86483667
1659.24757648
1659.63039708
1660.01329848
1660.39628069
1660.77934369
1661.16248749
1661.54571210
1661.92901750
1662.31240370
1662.69587071
1663.07941851
1663.46304711
1663.84675652
1664.23054672
1664.61441773
1664.99836953
1665.38240213
1665.76651554
1666.15070974
1666.53498474
1666.91934055
1667.30377715
1667.68829455
1668.07289276
1668.45757176
1668.84233156
1669.22717217
1669.61209357
1669.99709577
1670.38217878
1670.76734258
1671.15258719
1671.53791259
1671.92331879
1672.30880580
1672.69437360
1673.08002220
1673.46575161
1673.85156181
1674.23745281
1674.62342462
1675.00947722
1675.39561062
1675.78182483
1676.16811983
1676.55449563
1676.94095224
1677.32748964
1677.71410784
1678.10080685
1678.48758665
1678.87444725
1679.26138866
1679.64841086
1680.03551386
1680.42269767
1680.80996227
1681.19730767
1681.58473388
1681.97224088
1682.35982869
1682.74749729
1683.13524669
1683.52307690
1683.91098790
1684.29897970
1684.68705231
1685.07520571
1685.46343991
1685.85175492
1686.24015072
1686.62862732
1687.01718473
1687.40582293
1687.79454193
1688.18334174
1688.57222234
1688.96118374
1689.35022595
1689.73934895
1690.12855275
1690.51783736
1690.90720276
1691.29664896
1691.68617597
1692.07578377
1692.46547237
1692.85524178
1693.24509198
1693.63502298
1694.02503479
1694.41512739
1694.80530079
1695.19555500
1695.58589000
1695.97630580
1696.36680241
1696.75737981
1697.14803801
1697.53877702
1697.92959682
1698.32049742
1698.71147883
1699.10254103
1699.49368403
1699.88490784
1700.27621244
1700.66759784
1701.05906404
1701.45061105
1701.84223885
1702.23394745
1702.62573686
1703.01760706
1703.40955806
1703.80158987
1704.19370247
1704.58589587
1704.97817008
1705.37052508
1705.76296088
1706.15547749
1706.54807489
1706.94075309
1707.33351210
1707.72635190
1708.11927250
1708.51227391
1708.90535611
1709.29851911
1709.69176292
1710.08508752
1710.47849292
1710.87197913
1711.26554613
1711.65919393
1712.05292253
1712.44673194
1712.84062214
1713.23459314
1713.62864495
1714.02277755
1714.41699095
1714.81128516
1715.20566016
1715.60011596
1715.99465257
1716.38926997
1716.78396817
1717.17874718
1717.57360698
1717.96854758
1718.36356898
1718.75867119
1719.15385419
1719.54911799
1719.94446260
1720.33988800
1720.73539420
1721.13098121
1721.52664901
1721.92239761
1722.31822702
1722.71413722
1723.11012822
1723.50620002
1723.90235263
1724.29858603
1724.69490023
1725.09129524
1725.48777104
1725.88432764
1726.28096505
1726.67768325
1727.07448225
1727.47136206
1727.86832266
1728.26536406
1728.66248626
1729.05968927
1729.45697307
1729.85433767
1730.25178308
1730.64930928
1731.04691628
1731.44460409
1731.84237269
1732.24022209
1732.63815229
1733.03616330
1733.43425510
1733.83242770
1734.23068111
1734.62901531
1735.02743031
1735.42592612
1735.82450272
1736.22316012
1736.62189832
1737.02071733
1737.41961713
1737.81859773
1738.21765914
1738.61680134
1739.01602434
1739.41532814
1739.81471275
1740.21417815
1740.61372435
1741.01335136
1741.41305916
1741.81284776
1742.21271717
1742.61266737
1743.01269837
1743.41281017
1743.81300278
1744.21327618
1744.61363038
1745.01406539
1745.41458119
1745.81517779
1746.21585519
1746.61661340
1747.01745240
1747.41837220
1747.81937281
1748.22045421
1748.62161641
1749.02285941
1749.42418322
1749.82558782
1750.22707322
1750.62863943
1751.03028643
1751.43201423
1751.83382283
1752.23571224
1752.63768244
1753.03973344
1753.44186525
1753.84407785
1754.24637125
1754.64874545
1755.05120046
1755.45373626
1755.85635286
1756.25905027
1756.66182847
1757.06468747
1757.46762727
1757.87064788
1758.27374928
1758.67693148
1759.08019449
1759.48353829
1759.88696289
1760.29046829
1760.69405450
1761.09772150
1761.50146930
1761.90529790
1762.30920731
1762.71319751
1763.11726851
1763.52142032
1763.92565292
1764.32996632
1764.73436052
1765.13883553
1765.54339133
1765.94802793
1766.35274533
1766.75754354
1767.16242254
1767.56738234
1767.97242295
1768.37754435
1768.78274655
1769.18802955
1769.59339336
1769.99883796
1770.40436336
1770.80996956
1771.21565657
1771.62142437
1772.02727297
1772.43320238
1772.83921258
1773.24530358
1773.65147538
1774.05772799
1774.46406139
1774.87047559
1775.27697059
1775.68354640
1776.09020300
1776.49694040
1776.90375860
1777.31065761
1777.71763741
1778.12469801
1778.53183941
1778.93906162
1779.34636462
1779.75374842
1780.16121303
1780.56875843
1780.97638463
1781.38409163
1781.79187944
1782.19974804
1782.60769744
1783.01572764
1783.42383865
1783.83203045
1784.24030305
1784.64865645
1785.05709066
1785.46560566
1785.87420146
1786.28287806
1786.69163547
1787.10047367
1787.50939267
1787.91839247
1788.32747308
1788.73663448
1789.14587668
1789.55519968
1789.96460349
1790.37408809
1790.78365349
1791.19329969
1791.60302670
1792.01283450
1792.42272310
1792.83269250
1793.24274271
1793.65287371
1794.06308551
1794.47337811
1794.88375152
1795.29420572
1795.70474072
1796.11535652
1796.52605313
1796.93683053
1797.34768873
1797.75862773
1798.16964754
1798.58074814
1798.99192954
1799.40319174
1799.81453475
1800.22595855
1800.63746315
1801.04904855
1801.46071476
1801.87246176
1802.28428956
1802.69619816
1803.10818757
1803.52025777
1803.93240877
1804.34464057
1804.75695318
1805.16934658
1805.58182078
1805.99437578
1806.40701159
1806.81972819
1807.23252559
1807.64540379
1808.05836280
1808.47140260
1808.88452320
1809.29772460
1809.71100681
1810.12436981
1810.53781361
1810.95133821
1811.36494361
1811.77862982
1812.19239682
1812.60624462
1813.02017322
1813.43418263
1813.84827283
1814.26244383
1814.67669563
1815.09102824
1815.50544164
1815.91993584
1816.33451084
1816.74916665
1817.16390325
1817.57872065
1817.99361885
1818.40859785
1818.82365766
1819.23879826
1819.65401966
1820.06932186
1820.48470487
1820.90016867
1821.31571327
1821.73133867
1822.14704488
1822.56283188
1822.97869968
1823.39464828
1823.81067768
1824.22678789
1824.64297889
1825.05925069
1825.47560329
1825.89203670
1826.30855090
1826.72514590
1827.14182170
1827.55857830
1827.97541571
1828.39233391
1828.80933291
1829.22641271
1829.64357332
1830.06081472
1830.47813692
1830.89553992
1831.31302372
1831.73058833
1832.14823373
1832.56595993
1832.98376693
1833.40165474
1833.81962334
1834.23767274
1834.65580294
1835.07401394
1835.49230575
1835.91067835
1836.32913175
1836.74766595
1837.16628096
1837.58497676
1838.00375336
1838.42261076
1838.84154896
1839.26056797
1839.67966777
1840.09884837
1840.51810977
1840.93745198
1841.35687498
1841.77637878
1842.19596338
1842.61562878
1843.03537499
1843.45520199
1843.87510979
1844.29509839
1844.71516779
1845.13531800
1845.55554900
1845.97586080
1846.39625340
1846.81672680
1847.23728101
1847.65791601
1848.07863181
1848.49942841
1848.92030582
1849.34126402
1849.76230302
1850.18342282
1850.60462342
1851.02590483
1851.44726703
1851.86871003
1852.29023383
1852.71183843
1853.13352384
1853.55529004
1853.97713704
1854.39906484
1854.82107344
1855.24316285
1855.66533305
1856.08758405
1856.50991585
1856.93232845
1857.35482186
1857.77739606
1858.20005106
1858.62278686
1859.04560346
1859.46850087
1859.89147907
1860.31453807
1860.73767787
1861.16089847
1861.58419988
1862.00758208
1862.43104508
1862.85458888
1863.27821348
1863.70191889
1864.12570509
1864.54957209
1864.97351989
1865.39754849
1865.82165790
1866.24584810
1866.67011910
1867.09447090
1867.51890350
1867.94341691
1868.36801111
1868.79268611
1869.21744191
1869.64227851
1870.06719592
1870.49219412
1870.91727312
1871.34243292
1871.76767352
1872.19299493
1872.61839713
1873.04388013
1873.46944393
1873.89508853
1874.32081393
1874.74662014
1875.17250714
1875.59847494
1876.02452354
1876.45065294
1876.87686315
1877.30315415
1877.72952595
1878.15597855
1878.58251195
1879.00912616
1879.43582116
1879.86259696
1880.28945356
1880.71639096
1881.14340916
1881.57050817
1881.99768797
1882.42494857
1882.85228997
1883.27971217
1883.70721518
1884.13479898
1884.56246358
1884.99020898
1885.41803518
1885.84594218
1886.27392999
1886.70199859
1887.13014799
1887.55837819
1887.98668919
1888.41508100
1888.84355360
1889.27210700
1889.70074120
1890.12945620
1890.55825200
1890.98712861
1891.41608601
1891.84512421
1892.27424321
1892.70344301
1893.13272361
1893.56208502
1893.99152722
1894.42105022
1894.85065402
1895.28033862
1895.71010403
1896.13995023
1896.56987723
1896.99988503
1897.42997363
1897.86014303
1898.29039324
1898.72072424
1899.15113604
1899.58162864
1900.01220204
1900.44285624
1900.87359125
1901.30440705
1901.73530365
1902.16628105
1902.59733925
1903.02847825
1903.45969806
1903.89099866
1904.32238006
1904.75384226
1905.18538526
1905.61700906
1906.04871367
1906.48049907
1906.91236527
1907.34431227
1907.77634007
1908.20844867
1908.64063808
1909.07290828
1909.50525928
1909.93769108
1910.37020368
1910.80279708
1911.23547129
1911.66822629
1912.10106209
1912.53397869
1912.96697609
1913.40005429
1913.83321329
1914.26645310
1914.69977370
1915.13317510
1915.56665730
1916.00022030
1916.43386410
1916.86758871
1917.30139411
1917.73528031
1918.16924731
1918.60329511
1919.03742371
1919.47163312
1919.90592332
1920.34029432
1920.77474612
1921.20927872
1921.64389212
1922.07858632
1922.51336133
1922.94821713
1923.38315373
1923.81817113
1924.25326933
1924.68844833
1925.12370814
1925.55904874
1925.99447014
1926.42997234
1926.86555534
1927.30121914
1927.73696374
1928.17278915
1928.60869535
1929.04468235
1929.48075015
1929.91689875
1930.35312815
1930.78943835
1931.22582936
1931.66230116
1932.09885376
1932.53548716
1932.97220136
1933.40899636
1933.84587216
1934.28282877
1934.71986617
1935.15698437
1935.59418337
1936.03146317
1936.46882377
1936.90626517
1937.34378738
1937.78139038
1938.21907418
1938.65683878
1939.09468418
1939.53261038
1939.97061738
1940.40870519
1940.84687379
1941.28512319
1941.72345339
1942.16186439
1942.60035619
1943.03892879
1943.47758220
1943.91631640
1944.35513140
1944.79402720
1945.23300380
1945.67206120
1946.11119940
1946.55041841
1946.98971821
1947.42909881
1947.86856021
1948.30810241
1948.74772541
1949.18742921
1949.62721381
1950.06707922
1950.50702542
1950.94705242
1951.38716022
1951.82734882
1952.26761822
1952.70796842
1953.14839943
1953.58891123
1954.02950383
1954.47017723
1954.91093143
1955.35176643
1955.79268223
1956.23367883
1956.67475624
1957.11591444
1957.55715344
1957.99847324
1958.43987384
1958.88135524
1959.32291744
1959.76456044
1960.20628425
1960.64808885
1961.08997425
1961.53194045
1961.97398745
1962.41611525
1962.85832385
1963.30061325
1963.74298346
1964.18543446
1964.62796626
1965.07057886
1965.51327226
1965.95604646
1966.39890146
1966.84183726
1967.28485387
1967.72795127
1968.17112947
1968.61438847
1969.05772827
1969.50114887
1969.94465027
1970.38823247
1970.83189548
1971.27563928
1971.71946388
1972.16336928
1972.60735548
1973.05142248
1973.49557028
1973.93979888
1974.38410828
1974.82849849
1975.27296949
1975.71752129
1976.16215389
1976.60686729
1977.05166149
1977.49653649
1977.94149229
1978.38652889
1978.83164630
1979.27684450
1979.72212350
1980.16748330
1980.61292390
1981.05844530
1981.50404750
1981.94973050
1982.39549430
1982.84133891
1983.28726431
1983.73327051
1984.17935751
1984.62552531
1985.07177391
1985.51810331
1985.96451351
1986.41100451
1986.85757632
1987.30422892
1987.75096232
1988.19777652
1988.64467152
1989.09164732
1989.53870392
1989.98584132
1990.43305952
1990.88035853
1991.32773833
1991.77519893
1992.22274033
1992.67036253
1993.11806553
1993.56584933
1994.01371393
1994.46165933
1994.90968553
1995.35779254
1995.80598034
1996.25424894
1996.70259834
1997.15102854
1997.59953954
1998.04813134
1998.49680394
1998.94555734
1999.39439154
1999.84330655
2000.29230235
2000.74137895
2001.19053635
2001.63977455
2002.08909355
2002.53849335
2002.98797395
2003.43753535
2003.88717755
2004.33690055
2004.78670436
2005.23658896
2005.68655436
2006.13660056
2006.58672756
2007.03693536
2007.48722396
2007.93759336
2008.38804356
2008.83857456
2009.28918636
2009.73987897
2010.19065237
2010.64150657
2011.09244157
2011.54345737
2011.99455397
2012.44573137
2012.89698957
2013.34832857
2013.79974837
2014.25124897
2014.70283038
2015.15449258
2015.60623558
2016.05805938
2016.50996398
2016.96194938
2017.41401558
2017.86616258
2018.31839038
2018.77069898
2019.22308838
2019.67555858
2020.12810959
2020.58074139
2021.03345399
2021.48624739
2021.93912159
2022.39207659
2022.84511239
2023.29822899
2023.75142639
2024.20470459
2024.65806359
2025.11150339
2025.56502400
2026.01862540
2026.47230760
2026.92607060
2027.37991440
2027.83383900
2028.28784440
2028.74193060
2029.19609760
2029.65034540
2030.10467400
2030.55908340
2031.01357360
2031.46814461
2031.92279641
2032.37752901
2032.83234241
2033.28723661
2033.74221161
2034.19726741
2034.65240401
2035.10762141
2035.56291961
2036.01829861
2036.47375841
2036.92929901
2037.38492041
2037.84062262
2038.29640562
2038.75226942
2039.20821402
2039.66423942
2040.12034562
2040.57653262
2041.03280042
2041.48914902
2041.94557842
2042.40208862
2042.85867962
2043.31535142
2043.77210402
2044.22893742
2044.68585163
2045.14284663
2045.59992243
2046.05707903
2046.51431643
2046.97163463
2047.42903363
2047.88651343
2048.34407403
2048.80171543
2049.25943763
2049.71724063
2050.17512443
2050.63308903
2051.09113443
2051.54926063
2052.00746764
2052.46575544
2052.92412404
2053.38257344
2053.84110364
2054.29971464
2054.75840644
2055.21717904
2055.67603244
2056.13496664
2056.59398164
2057.05307744
2057.51225404
2057.97151144
2058.43084964
2058.89026864
2059.34976844
2059.80934905
2060.26901045
2060.72875265
2061.18857565
2061.64847945
2062.10846405
2062.56852945
2063.02867565
2063.48890265
2063.94921045
2064.40959905
2064.87006845
2065.33061865
2065.79124965
2066.25196145
2066.71275405
2067.17362745
2067.63458165
2068.09561665
2068.55673246
2069.01792906
2069.47920646
2069.94056466
2070.40200366
2070.86352346
2071.32512406
2071.78680546
2072.24856766
2072.71041066
2073.17233446
2073.63433906
2074.09642446
2074.55859066
2075.02083766
2075.48316546
2075.94557406
2076.40806346
2076.87063366
2077.33328466
2077.79601646
2078.25882906
2078.72172247
2079.18469667
2079.64775167
2080.11088747
2080.57410407
2081.03740147
2081.50077967
2081.96423867
2082.42777847
2082.89139907
2083.35510047
2083.81888267
2084.28274567
2084.74668947
2085.21071407
2085.67481947
2086.13900567
2086.60327267
2087.06762047
2087.53204907
2087.99655847
2088.46114867
2088.92581967
2089.39057147
2089.85540407
2090.32031747
2090.78531167
2091.25038668
2091.71554248
2092.18077908
2092.64609648
2093.11149468
2093.57697368
2094.04253348
2094.50817408
2094.97389548
2095.43969768
2095.90558068
2096.37154448
2096.83758908
2097.30371448
2097.76992068
2098.23620768
2098.70257548
2099.16902408
2099.63555348
2100.10216368
2100.56885468
2101.03562648
2101.50247908
2101.96941248
2102.43642668
2102.90352168
2103.37069748
2103.83795408
2104.30529148
2104.77270968
2105.24020868
2105.70778848
2106.17544908
2106.64319048
2107.11101268
2107.57891568
2108.04689948
2108.51496409
2108.98310949
2109.45133569
2109.91964269
2110.38803049
2110.85649909
2111.32504849
2111.79367869
2112.26238969
2112.73118149
2113.20005409
2113.66900749
2114.13804169
2114.60715669
2115.07635249
2115.54562909
2116.01498649
2116.48442469
2116.95394369
2117.42354349
2117.89322409
2118.36298549
2118.83282769
2119.30275069
2119.77275449
2120.24283909
2120.71300449
2121.18325069
2121.65357769
2122.12398549
2122.59447409
2123.06504349
2123.53569369
2124.17860993
2124.56978603
2124.96096147
2125.35213624
2125.74331035
2126.13448379
2126.52565656
2126.91682867
2127.30800011
2127.69917089
2128.09034100
2128.48151044
2128.87267922
2129.26384733
2129.65501478
2130.04618156
2130.43734767
2130.82851312
2131.21967790
2131.61084202
2132.00200547
2132.39316825
2132.78433037
2133.17549182
2133.56665261
2133.95781273
2134.34897218
2134.74013097
2135.13128909
2135.52244655
2135.91360334
2136.30475946
2136.69591492
2137.08706971
2137.47822384
2137.86937730
2138.26053009
2138.65168222
2139.04283368
2139.43398448
2139.82513461
2140.21628407
2140.60743287
2140.99858100
2141.38972847
2141.78087527
2142.17202140
2142.56316687
2142.95431167
2143.34545581
2143.73659928
2144.12774208
2144.51888422
2144.91002569
2145.30116650
2145.69230664
2146.08344611
2146.47458492
2146.86572306
2147.25686054
2147.64799735
2148.03913349
2148.43026897
2148.82140378
2149.21253792
2149.60367140
2149.99480422
2150.38593637
2150.77706785
2151.16819866
2151.55932881
2151.95045830
2152.34158712
2152.73271527
2153.12384275
2153.51496957
2153.90609573
2154.29722122
2154.68834604
2155.07947019
2155.47059368
2155.86171651
2156.25283867
2156.64396016
2157.03508098
2157.42620114
2157.81732064
2158.20843946
2158.59955763
2158.99067512
2159.38179195
2159.77290812
2160.16402361
2160.55513845
2160.94625261
2161.33736611
2161.72847895
2162.11959111
2162.51070262
2162.90181345
2163.29292362
2163.68403313
2164.07514196
2164.46625014
2164.85735764
2165.24846448
2165.63957066
2166.03067616
2166.42178100
2166.81288518
2167.20398869
2167.59509153
2167.98619371
2168.37729522
2168.76839607
2169.15949625
2169.55059576
2169.94169461
2170.33279279
2170.72389031
2171.11498716
2171.50608334
2171.89717886
2172.28827371
2172.67936790
2173.07046142
2173.46155427
2173.85264646
2174.24373798
2174.63482884
2175.02591903
2175.41700855
2175.80809741
2176.19918560
2176.59027313
2176.98135999
2177.37244618
2177.76353171
2178.15461657
2178.54570077
2178.93678430
2179.32786716
2179.71894936
2180.11003089
2180.50111176
2180.89219196
2181.28327149
2181.67435036
2182.06542856
2182.45650610
2182.84758297
2183.23865917
2183.62973471
2184.02080958
2184.41188379
2184.80295733
2185.19403020
2185.58510241
2185.97617395
2186.36724483
2186.75831504
2187.14938458
2187.54045346
2187.93152167
2188.32258922
2188.71365610
2189.10472231
2189.49578786
2189.88685274
2190.27791696
2190.66898051
2191.06004339
2191.45110561
2191.84216716
2192.23322804
2192.62428826
2193.01534782
2193.40640671
2193.79746493
2194.18852248
2194.57957937
2194.97063560
2195.36169116
2195.75274605
2196.14380027
2196.53485383
2196.92590673
2197.31695896
2197.70801052
2198.09906141
2198.49011164
2198.88116121
2199.27221011
2199.66325834
2200.05430590
2200.44535280
2200.83639904
2201.22744460
2201.61848951
2202.00953374
2202.40057731
2202.79162022
2203.18266245
2203.57370403
2203.96474493
2204.35578517
2204.74682475
2205.13786365
2205.52890190
2205.91993947
2206.31097638
2206.70201263
2207.09304820
2207.48408312
2207.87511736
2208.26615094
2208.65718386
2209.04821610
2209.43924768
2209.83027860
2210.22130885
2210.61233843
2211.00336735
2211.39439560
2211.78542319
2212.17645011
2212.56747636
2212.95850195
2213.34952687
2213.74055113
2214.13157472
2214.52259764
2214.91361990
2215.30464149
2215.69566242
2216.08668268
2216.47770227
2216.86872120
2217.25973946
2217.65075706
2218.04177399
2218.43279025
2218.82380585
2219.21482078
2219.60583505
2219.99684865
2220.38786158
2220.77887385
2221.16988545
2221.56089639
2221.95190666
2222.34291626
2222.73392520
2223.12493347
2223.51594108
2223.90694802
2224.29795429
2224.68895990
2225.07996484
2225.47096912
2225.86197273
2226.25297567
2226.64397795
2227.03497956
2227.42598051
2227.81698079
2228.20798040
2228.59897935
2228.98997763
2229.38097525
2229.77197220
2230.16296848
2230.55396410
2230.94495905
2231.33595334
2231.72694696
2232.11793991
2232.50893220
2232.89992382
2233.29091478
2233.68190507
2234.07289469
2234.46388365
2234.85487194
2235.24585956
2235.63684652
2236.02783282
2236.41881845
2236.80980341
2237.20078770
2237.59177133
2237.98275430
2238.37373660
2238.76471823
2239.15569919
2239.54667949
2239.93765913
2240.32863810
2240.71961640
2241.11059403
2241.50157100
2241.89254731
2242.28352295
2242.67449792
2243.06547222
2243.45644586
2243.84741884
2244.23839114
2244.62936279
2245.02033376
2245.41130407
2245.80227372
2246.19324269
2246.58421101
2246.97517865
2247.36614563
2247.75711195
2248.14807759
2248.53904258
2248.93000689
2249.32097054
2249.71193353
2250.10289584
2250.49385750
2250.88481848
2251.27577880
2251.66673845
2252.05769744
2252.44865576
2252.83961342
2253.23057041
2253.62152673
2254.01248239
2254.40343738
2254.79439171
2255.18534537
2255.57629836
2255.96725069
2256.35820235
2256.74915335
2257.14010368
2257.53105334
2257.92200234
2258.31295067
2258.70389834
2259.09484534
2259.48579167
2259.87673734
2260.26768234
2260.65862668
2261.04957035
2261.44051335
2261.83145569
2262.22239736
2262.61333837
2263.00427871
2263.39521838
2263.78615739
2264.17709573
2264.56803341
2264.95897042
2265.34990676
2265.74084244
2266.13177745
2266.52271180
2266.91364548
2267.30457849
2267.69551084
2268.08644252
2268.47737354
2268.86830389
2269.25923357
2269.65016259
2270.04109094
2270.43201863
2270.82294565
2271.21387200
2271.60479769
2271.99572271
2272.38664707
2272.77757076
2273.16849378
2273.55941614
2273.95033783
2274.34125886
2274.73217922
2275.12309891
2275.51401794
2275.90493630
2276.29585399
2276.68677102
2277.07768739
2277.46860309
2277.85951812
2278.25043248
2278.64134618
2279.03225922
2279.42317159
2279.81408329
2280.20499432
2280.59590469
2280.98681440
2281.37772344
2281.76863181
2282.15953951
2282.55044655
2282.94135293
2283.33225864
2283.72316368
2284.11406805
2284.50497176
2284.89587481
2285.28677718
2285.67767890
2286.06857994
2286.45948032
2286.85038004
2287.24127908
2287.63217747
2288.02307518
2288.41397223
2288.80486862
2289.19576433
2289.58665939
2289.97755377
2290.36844749
2290.75934055
2291.15023293
2291.54112466
2291.93201571
2292.32290610
2292.71379583
2293.10468488
2293.49557327
2293.88646100
2294.27734806
2294.66823445
2295.05912018
2295.45000524
2295.84088964
2296.23177337
2296.62265643
2297.01353883
2297.40442056
2297.79530163
2298.18618203
2298.57706176
2298.96794083
2299.35881923
2299.74969697
2300.14057404
2300.53145044
2300.92232618
2301.31320125
2301.70407566
2302.09494940
2302.48582247
2302.87669488
2303.26756662
2303.65843770
2304.04930811
2304.44017785
2304.83104693
2305.22191534
2305.61278309
2306.00365017
2306.39451658
2306.78538233
2307.17624741
2307.56711183
2307.95797558
2308.34883866
2308.73970108
2309.13056283
2309.52142392
2309.91228434
2310.30314409
2310.69400318
2311.08486160
2311.47571936
2311.86657645
2312.25743287
2312.64828863
2313.03914372
2313.42999815
2313.82085191
2314.21170500
2314.60255743
2314.99340919
2315.38426029
2315.77511072
2316.16596048
2316.55680958
2316.94765801
2317.33850578
2317.72935288
2318.12019931
2318.51104508
2318.90189018
2319.29273461
2319.68357838
2320.07442149
2320.46526393
2320.85610570
2321.24694680
2321.63778724
2322.02862702
2322.41946613
2322.81030457
2323.20114234
2323.59197945
2323.98281590
2324.37365168
2324.76448679
2325.15532123
2325.54615501
2325.93698813
2326.32782057
2326.71865236
2327.10948347
2327.50031392
2327.89114371
2328.28197282
2328.67280128
2329.06362906
2329.45445618
2329.84528264
2330.23610842
2330.62693355
2331.01775800
2331.40858179
2331.79940492
2332.19022737
2332.58104917
2332.97187029
2333.36269075
2333.75351055
2334.14432967
2334.53514814
2334.92596593
2335.31678306
2335.70759952
2336.09841532
2336.48923045
2336.88004492
2337.27085872
2337.66167185
2338.05248432
2338.44329612
2338.83410726
2339.22491773
2339.61572753
2340.00653667
2340.39734514
2340.78815295
2341.17896009
2341.56976656
2341.96057237
2342.35137751
2342.74218199
2343.13298580
2343.52378894
2343.91459142
2344.30539323
2344.69619438
2345.08699486
2345.47779467
2345.86859382
2346.25939230
2346.65019012
2347.04098727
2347.43178375
2347.82257957
2348.21337472
2348.60416921
2348.99496303
2349.38575618
2349.77654867
2350.16734049
2350.55813165
2350.94892214
2351.33971196
2351.73050112
2352.12128961
2352.51207744
2352.90286460
2353.29365109
2353.68443692
2354.07522208
2354.46600658
2354.85679041
2355.24757357
2355.63835607
2356.02913790
2356.41991907
2356.81069957
2357.20147940
2357.59225857
2357.98303707
2358.37381491
2358.76459208
2359.15536858
2359.54614442
2359.93691959
2360.32769409
2360.71846793
2361.10924111
2361.50001362
2361.89078546
2362.28155663
2362.67232714
2363.06309699
2363.45386617
2363.84463468
2364.23540252
2364.62616970
2365.01693622
2365.40770207
2365.79846725
2366.18923176
2366.57999561
2366.97075880
2367.36152132
2367.75228317
2368.14304435
2368.53380487
2368.92456473
2369.31532391
2369.70608244
2370.09684029
2370.48759748
2370.87835401
2371.26910986
2371.65986506
2372.05061958
2372.44137344
2372.83212664
2373.22287916
2373.61363103
2374.00438222
2374.39513275
2374.78588262
2375.17663181
2375.56738035
2375.95812821
2376.34887541
2376.73962194
2377.13036781
2377.52111301
2377.91185755
2378.30260142
2378.69334462
2379.08408716
2379.47482903
2379.86557024
2380.25631078
2380.64705065
2381.03778986
2381.42852840
2381.81926628
2382.21000349
2382.60074003
2382.99147591
2383.38221112
2383.77294567
2384.16367955
2384.55441276
2384.94514531
2385.33587719
2385.72660841
2386.11733896
2386.50806884
2386.89879806
2387.28952661
2387.68025450
2388.07098172
2388.46170827
2388.85243416
2389.24315938
2389.63388394
2390.02460783
2390.41533105
2390.80605361
2391.19677550
2391.58749673
2391.97821729
2392.36893718
2392.75965641
2393.15037497
2393.54109287
2393.93181010
2394.32252666
2394.71324256
2395.10395779
2395.49467236
2395.88538626
2396.27609949
2396.66681206
2397.05752396
2397.44823520
2397.83894577
2398.22965567
2398.62036491
2399.01107348
2399.40178139
2399.79248863
2400.18319520
2400.57390111
2400.96460635
2401.35531092
2401.74601483
2402.13671808
2402.52742066
2402.91812257
2403.30882381
2403.69952439
2404.09022431
2404.48092356
2404.87162214
2405.26232005
2405.65301730
2406.04371389
2406.43440981
2406.82510506
2407.21579964
2407.60649356
2407.99718682
2408.38787941
2408.77857133
2409.16926258
2409.55995317
2409.95064310
2410.34133235
2410.73202095
2411.12270887
2411.51339613
2411.90408273
2412.29476865
2412.68545392
2413.07613851
2413.46682244
2413.85750571
2414.24818830
2414.63887024
2415.02955150
2415.42023210
2415.81091204
2416.20159130
2416.59226991
2416.98294784
2417.37362511
2417.76430171
2418.15497765
2418.54565292
2418.93632753
2419.32700147
2419.71767474
2420.10834735
2420.49901929
2420.88969057
2421.28036118
2421.67103112
2422.06170040
2422.45236901
2422.84303696
2423.23370424
2423.62437085
2424.01503680
2424.40570208
2424.79636670
2425.18703065
2425.57769393
2425.96835655
2426.35901850
2426.74967979
2427.14034041
2427.53100036
2427.92165965
2428.31231827
2428.70297623
2429.09363352
2429.48429014
2429.87494610
2430.26560139
2430.65625602
2431.04690998
2431.43756327
2431.82821590
2432.21886786
2432.60951916
2433.00016979
2433.39081975
2433.78146905
2434.17211768
2434.56276565
2434.95341295
2435.34405958
2435.73470555
2436.12535085
2436.51599549
2436.90663946
2437.29728276
2437.68792540
2438.07856737
2438.46920868
2438.85984932
2439.25048929
2439.64112860
2440.03176724
2440.42240522
2440.81304253
2441.20367917
2441.59431515
2441.98495046
2442.37558510
2442.76621908
2443.15685240
2443.54748505
2443.93811703
2444.32874834
2444.71937899
2445.11000898
2445.50063830
2445.89126695
2446.28189493
2446.67252225
2447.06314891
2447.45377490
2447.84440022
2448.23502487
2448.62564886
2449.01627219
2449.40689485
2449.79751684
2450.18813816
2450.57875882
2450.96937882
2451.35999814
2451.75061681
2452.14123480
2452.53185213
2452.92246880
2453.31308479
2453.70370013
2454.09431479
2454.48492879
2454.87554213
2455.26615479
2455.65676680
2456.04737813
2456.43798880
2456.82859881
2457.21920814
2457.60981682
2458.00042482
2458.39103216
2458.78163883
2459.17224484
2459.56285018
2459.95345486
2460.34405887
2460.73466221
2461.12526489
2461.51586690
2461.90646825
2462.29706893
2462.68766894
2463.07826829
2463.46886697
2463.85946499
2464.25006234
2464.64065902
2465.03125504
2465.42185039
2465.81244508
2466.20303910
2466.59363245
2466.98422514
2467.37481716
2467.76540852
2468.15599921
2468.54658923
2468.93717859
2469.32776728
2469.71835531
2470.10894267
2470.49952936
2470.89011539
2471.28070075
2471.67128545
2472.06186948
2472.45245284
2472.84303554
2473.23361757
2473.62419894
2474.01477964
2474.40535967
2474.79593904
2475.18651774
2475.57709578
2475.96767315
2476.35824985
2476.74882589
2477.13940126
2477.52997597
2477.92055001
2478.31112338
2478.70169609
2479.09226813
2479.48283951
2479.87341022
2480.26398026
2480.65454964
2481.04511835
2481.43568640
2481.82625378
2482.21682049
2482.60738654
2482.99795192
2483.38851663
2483.77908068
2484.16964407
2484.56020679
2484.95076884
2485.34133022
2485.73189094
2486.12245100
2486.51301039
2486.90356911
2487.29412716
2487.68468455
2488.07524128
2488.46579734
2488.85635273
2489.24690745
2489.63746151
2490.02801491
2490.41856764
2490.80911970
2491.19967109
2491.59022182
2491.98077189
2492.37132128
2492.76187002
2493.15241808
2493.54296548
2493.93351222
2494.32405828
2494.71460369
2495.10514842
2495.49569249
2495.88623590
2496.27677863
2496.66732071
2497.05786211
2497.44840285
2497.83894293
2498.22948233
2498.62002108
2499.01055915
2499.40109656
2499.79163330
2500.18216938
2500.57270479
2500.96323954
2501.35377362
2501.74430703
2502.13483978
2502.52537186
2502.91590328
2503.30643403
2503.69696411
2504.08749353
2504.47802228
2504.86855037
2505.25907779
2505.64960454
2506.04013063
2506.43065605
2506.82118081
2507.21170490
2507.60222832
2507.99275108
2508.38327317
2508.77379460
2509.16431536
2509.55483545
2509.94535488
2510.33587364
2510.72639174
2511.11690917
2511.50742593
2511.89794203
2512.28845746
2512.67897223
2513.06948633
2513.45999976
2513.85051253
2514.24102463
2514.63153607
2515.02204684
2515.41255694
2515.80306638
2516.19357515
2516.58408326
2516.97459070
2517.36509747
2517.75560358
2518.14610902
2518.53661380
2518.92711791
2519.31762135
2519.70812413
2520.09862624
2520.48912769
2520.87962847
2521.27012858
2521.66062803
2522.05112681
2522.44162493
2522.83212238
2523.22261916
2523.61311528
2524.00361073
2524.39410551
2524.78459963
2525.17509309
2525.56558588
2525.95607800
2526.34656945
2526.73706024
2527.12755037
2527.51803983
2527.90852862
2528.29901674
2528.68950420
2529.07999100
2529.47047713
2529.86096259
2530.25144738
2530.64193151
2531.03241498
2531.42289777
2531.81337991
2532.20386137
2532.59434217
2532.98482231
2533.37530177
2533.76578058
2534.15625871
2534.54673618
2534.93721299
2535.32768912
2535.71816460
2536.10863940
2536.49911354
2536.88958702
2537.28005982
2537.67053197
2538.06100344
2538.45147425
2538.84194440
2539.23241387
2539.62288268
2540.01335083
2540.40381831
2540.79428512
2541.18475127
2541.57521675
2541.96568157
2542.35614572
2542.74660920
2543.13707202
2543.52753417
2543.91799566
2544.30845648
2544.69891663
2545.08937612
2545.47983494
2545.87029310
2546.26075059
2546.65120741
2547.04166357
2547.43211906
2547.82257389
2548.21302805
2548.60348154
2548.99393437
2549.38438653
2549.77483803
2550.16528886
2550.55573902
2550.94618852
2551.33663735
2551.72708552
2552.11753302
2552.50797985
2552.89842602
2553.28887152
2553.67931636
2554.06976053
2554.46020403
2554.85064687
2555.24108904
2555.63153055
2556.02197139
2556.41241156
2556.80285107
2557.19328991
2557.58372809
2557.97416560
2558.36460244
2558.75503862
2559.14547413
2559.53590898
2559.92634316
2560.31677667
2560.70720952
2561.09764170
2561.48807322
2561.87850407
2562.26893425
2562.65936377
2563.04979262
2563.44022080
2563.83064832
2564.22107518
2564.61150137
2565.00192689
2565.39235174
2565.78277593
2566.17319946
2566.56362232
2566.95404451
2567.34446603
2567.73488689
2568.12530709
2568.51572662
2568.90614548
2569.29656367
2569.68698120
2570.07739807
2570.46781427
2570.85822980
2571.24864466
2571.63905886
2572.02947240
2572.41988526
2572.81029747
2573.20070900
2573.59111987
2573.98153008
2574.37193961
2574.76234849
2575.15275669
2575.54316423
2575.93357111
2576.32397731
2576.71438286
2577.10478773
2577.49519194
2577.88559549
2578.27599836
2578.66640058
2579.05680212
2579.44720300
2579.83760321
2580.22800276
2580.61840164
2581.00879986
2581.39919741
2581.78959429
2582.17999051
2582.57038606
2582.96078095
2583.35117517
2583.74156872
2584.13196161
2584.52235383
2584.91274539
2585.30313628
2585.69352650
2586.08391606
2586.47430495
2586.86469318
2587.25508074
2587.64546763
2588.03585386
2588.42623942
2588.81662432
2589.20700855
2589.59739211
2589.98777501
2590.37815724
2590.76853881
2591.15891971
2591.54929994
2591.93967951
2592.33005841
2592.72043665
2593.11081422
2593.50119112
2593.89156736
2594.28194293
2594.67231784
2595.06269208
2595.45306565
2595.84343856
2596.23381080
2596.62418238
2597.01455329
2597.40492353
2597.79529311
2598.18566202
2598.57603027
2598.96639785
2599.35676476
2599.74713101
2600.13749659
2600.52786151
2600.91822576
2601.30858934
2601.69895226
2602.08931451
2602.47967610
2602.87003702
2603.26039727
2603.65075686
2604.04111578
2604.43147403
2604.82183162
2605.21218855
2605.60254481
2605.99290040
2606.38325532
2606.77360958
2607.16396318
2607.55431611
2607.94466837
2608.33501996
2608.72537089
2609.11572116
2609.50607076
2609.89641969
2610.28676795
2610.67711555
2611.06746249
2611.45780875
2611.84815436
2612.23849929
2612.62884356
2613.01918717
2613.40953010
2613.79987238
2614.19021398
2614.58055492
2614.97089520
2615.36123480
2615.75157375
2616.14191202
2616.53224963
2616.92258658
2617.31292285
2617.70325847
2618.09359341
2618.48392769
2618.87426131
2619.26459425
2619.65492653
2620.04525815
2620.43558910
2620.82591938
2621.21624900
2621.60657795
2621.99690624
2622.38723386
2622.77756081
2623.16788710
2623.55821272
2623.94853768
2624.33886197
2624.72918559
2625.11950855
2625.50983084
2625.90015247
2626.29047343
2626.68079372
2627.07111335
2627.46143231
2627.85175061
2628.24206824
2628.63238520
2629.02270150
2629.41301713
2629.80333210
2630.19364640
2630.58396003
2630.97427300
2631.36458530
2631.75489694
2632.14520791
2632.53551821
2632.92582785
2633.31613682
2633.70644513
2634.09675277
2634.48705974
2634.87736605
2635.26767169
2635.65797667
2636.04828098
2636.43858462
2636.82888760
2637.21918991
2637.60949156
2637.99979254
2638.39009285
2638.78039250
2639.17069148
2639.56098980
2639.95128745
2640.34158443
2640.73188075
2641.12217640
2641.51247139
2641.90276571
2642.29305936
2642.68335235
2643.07364467
2643.46393632
2643.85422731
2644.24451764
2644.63480730
2645.02509629
2645.41538461
2645.80567227
2646.19595927
2646.58624560
2646.97653126
2647.36681625
2647.75710058
2648.14738425
2648.53766725
2648.92794958
2649.31823124
2649.70851224
2650.09879258
2650.48907225
2650.87935125
2651.26962958
2651.65990725
2652.05018426
2652.44046059
2652.83073627
2653.22101127
2653.61128561
2654.00155929
2654.39183229
2654.78210464
2655.17237631
2655.56264732
2655.95291767
2656.34318734
2656.73345636
2657.12372470
2657.51399238
2657.90425940
2658.29452574
2658.68479143
2659.07505644
2659.46532079
2659.85558447
2660.24584749
2660.63610984
2661.02637153
2661.41663255
2661.80689290
2662.19715259
2662.58741161
2662.97766997
2663.36792766
2663.75818468
2664.14844104
2664.53869673
2664.92895176
2665.31920612
2665.70945981
2666.09971284
2666.48996520
2666.88021690
2667.27046793
2667.66071829
2668.05096799
2668.44121702
2668.83146539
2669.22171309
2669.61196012
2670.00220649
2670.39245219
2670.78269723
2671.17294160
2671.56318530
2671.95342834
2672.34367071
2672.73391242
2673.12415346
2673.51439383
2673.90463354
2674.29487258
2674.68511096
2675.07534867
2675.46558571
2675.85582209
2676.24605780
2676.63629285
2677.02652723
2677.41676094
2677.80699399
2678.19722637
2678.58745809
2678.97768914
2679.36791952
2679.75814924
2680.14837829
2680.53860668
2680.92883440
2681.31906145
2681.70928784
2682.09951356
2682.48973862
2682.87996300
2683.27018673
2683.66040979
2684.05063218
2684.44085390
2684.83107496
2685.22129536
2685.61151509
2686.00173415
2686.39195254
2686.78217027
2687.17238734
2687.56260374
2687.95281947
2688.34303453
2688.73324893
2689.12346267
2689.51367574
2689.90388814
2690.29409987
2690.68431094
2691.07452135
2691.46473108
2691.85494016
2692.24514856
2692.63535630
2693.02556338
2693.41576978
2693.80597553
2694.19618060
2694.58638501
2694.97658876
2695.36679183
2695.75699425
2696.14719599
2696.53739707
2696.92759749
2697.31779723
2697.70799632
2698.09819473
2698.48839248
2698.87858956
2699.26878598
2699.65898173
2700.04917682
2700.43937124
2700.82956499
2701.21975808
2701.60995050
2702.00014226
2702.39033335
2702.78052377
2703.17071353
2703.56090262
2703.95109105
2704.34127881
2704.73146590
2705.12165233
2705.51183809
2705.90202319
2706.29220762
2706.68239138
2707.07257448
2707.46275691
2707.85293868
2708.24311978
2708.63330021
2709.02347998
2709.41365908
2709.80383752
2710.19401529
2710.58419239
2710.97436883
2711.36454460
2711.75471971
2712.14489415
2712.53506792
2712.92524103
2713.31541347
2713.70558525
2714.09575636
2714.48592680
2714.87609658
2715.26626569
2715.65643414
2716.04660192
2716.43676903
2716.82693548
2717.21710126
2717.60726638
2717.99743083
2718.38759461
2718.77775773
2719.16792018
2719.55808197
2719.94824309
2720.33840354
2720.72856333
2721.11872245
2721.50888091
2721.89903870
2722.28919582
2722.67935228
2723.06950807
2723.45966319
2723.84981765
2724.23997145
2724.63012458
2725.02027704
2725.41042883
2725.80057996
2726.19073043
2726.58088023
2726.97102936
2727.36117782
2727.75132562
2728.14147276
2728.53161923
2728.92176503
2729.31191016
2729.70205463
2730.09219844
2730.48234157
2730.87248405
2731.26262585
2731.65276699
2732.04290747
2732.43304727
2732.82318642
2733.21332489
2733.60346270
2733.99359985
2734.38373632
2734.77387214
2735.16400728
2735.55414176
2735.94427558
2736.33440872
2736.72454121
2737.11467302
2737.50480417
2737.89493466
2738.28506447
2738.67519362
2739.06532211
2739.45544993
2739.84557708
2740.23570357
2740.62582939
2741.01595455
2741.40607904
2741.79620286
2742.18632602
2742.57644851
2742.96657034
2743.35669150
2743.74681199
2744.13693182
2744.52705098
2744.91716948
2745.30728731
2745.69740447
2746.08752097
2746.47763680
2746.86775197
2747.25786647
2747.64798030
2748.03809347
2748.42820597
2748.81831781
2749.20842898
2749.59853948
2749.98864932
2750.37875849
2750.76886700
2751.15897484
2751.54908201
2751.93918852
2752.32929436
2752.71939954
2753.10950405
2753.49960789
2753.88971107
2754.27981358
2754.66991543
2755.06001661
2755.45011712
2755.84021697
2756.23031615
2756.62041467
2757.01051252
2757.40060970
2757.79070622
2758.18080207
2758.57089726
2758.96099178
2759.35108563
2759.74117882
2760.13127134
2760.52136320
2760.91145439
2761.30154491
2761.69163477
2762.08172396
2762.47181248
2762.86190034
2763.25198754
2763.64207407
2764.03215993
2764.42224512
2764.81232965
2765.20241352
2765.59249672
2765.98257925
2766.37266111
2766.76274231
2767.15282285
2767.54290272
2767.93298192
2768.32306045
2768.71313832
2769.10321553
2769.49329206
2769.88336794
2770.27344314
2770.66351768
2771.05359156
2771.44366476
2771.83373731
2772.22380918
2772.61388039
2773.00395094
2773.39402081
2773.78409003
2774.17415857
2774.56422645
2774.95429367
2775.34436021
2775.73442610
2776.12449131
2776.51455586
2776.90461975
2777.29468296
2777.68474551
2778.07480740
2778.46486862
2778.85492917
2779.24498906
2779.63504828
2780.02510684
2780.41516473
2780.80522195
2781.19527851
2781.58533440
2781.97538963
2782.36544419
2782.75549808
2783.14555131
2783.53560387
2783.92565577
2784.31570700
2784.70575756
2785.09580746
2785.48585669
2785.87590526
2786.26595316
2786.65600039
2787.04604696
2787.43609286
2787.82613810
2788.21618267
2788.60622657
2788.99626981
2789.38631238
2789.77635429
2790.16639553
2790.55643610
2790.94647601
2791.33651525
2791.72655383
2792.11659174
2792.50662898
2792.89666556
2793.28670147
2793.67673672
2794.06677130
2794.45680521
2794.84683846
2795.23687104
2795.62690296
2796.01693421
2796.40696479
2796.79699471
2797.18702396
2797.57705255
2797.96708047
2798.35710772
2798.74713431
2799.13716023
2799.52718549
2799.91721008
2800.30723400
2800.69725726
2801.08727985
2801.47730177
2801.86732303
2802.25734363
2802.64736356
2803.03738282
2803.42740141
2803.81741934
2804.20743661
2804.59745321
2804.98746914
2805.37748440
2805.76749900
2806.15751294
2806.54752621
2806.93753881
2807.32755074
2807.71756201
2808.10757262
2808.49758255
2808.88759183
2809.27760043
2809.66760837
2810.05761565
2810.44762225
2810.83762820
2811.22763347
2811.61763808
2812.00764203
2812.39764530
2812.78764792
2813.17764986
2813.56765114
2813.95765176
2814.34765170
2814.73765099
2815.12764960
2815.51764755
2815.90764483
2816.29764145
2816.68763740
2817.07763269
2817.46762731
2817.85762126
2818.24761455
2818.63760717
2819.02759913
2819.41759042
2819.80758104
2820.19757100
2820.58756029
2820.97754892
2821.36753688
2821.75752417
2822.14751080
2822.53749676
2822.92748206
2823.31746669
2823.70745065
2824.09743395
2824.48741658
2824.87739855
2825.26737985
2825.65736048
2826.04734045
2826.43731975
2826.82729839
2827.21727636
2827.60725366
2827.99723030
2828.38720627
2828.77718158
2829.16715622
2829.55713019
2829.94710350
2830.33707614
2830.72704812
2831.11701943
2831.50699007
2831.89696005
2832.28692936
2832.67689801
2833.06686599
2833.45683330
2833.84679995
2834.23676593
2834.62673125
2835.01669590
2835.40665988
2835.79662320
2836.18658585
2836.57654784
2836.96650916
2837.35646981
2837.74642980
2838.13638912
2838.52634778
2838.91630577
2839.30626309
2839.69621975
2840.08617574
2840.47613106
2840.86608572
2841.25603972
2841.64599305
2842.03594571
2842.42589770
2842.81584903
2843.20579970
2843.59574970
2843.98569903
2844.37564769
2844.76559569
2845.15554303
2845.54548970
2845.93543570
2846.32538103
2846.71532570
2847.10526971
2847.49521304
2847.88515572
2848.27509772
2848.66503906
2849.05497974
2849.44491974
2849.83485909
2850.22479776
2850.61473577
2851.00467312
2851.39460979
2851.78454581
2852.17448115
2852.56441583
2852.95434985
2853.34428319
2853.73421588
2854.12414789
2854.51407924
2854.90400992
2855.29393994
2855.68386929
2856.07379798
2856.46372600
2856.85365335
2857.24358004
2857.63350606
2858.02343142
2858.41335611
2858.80328013
2859.19320349
2859.58312618
2859.97304821
2860.36296957
2860.75289026
2861.14281029
2861.53272965
2861.92264835
2862.31256638
2862.70248374
2863.09240044
2863.48231647
2863.87223184
2864.26214654
2864.65206057
2865.04197394
2865.43188664
2865.82179868
2866.21171005
2866.60162075
2866.99153079
2867.38144016
2867.77134887
2868.16125691
2868.55116428
2868.94107099
2869.33097703
2869.72088241
2870.11078712
2870.50069116
2870.89059454
2871.28049725
2871.67039930
2872.06030068
2872.45020139
2872.84010144
2873.23000082
2873.61989954
2874.00979759
2874.39969497
2874.78959169
2875.17948774
2875.56938313
2875.95927785
2876.34917190
2876.73906529
2877.12895801
2877.51885007
2877.90874145
2878.29863218
2878.68852224
2879.07841163
2879.46830035
2879.85818841
2880.24807581
2880.63796254
2881.02784860
2881.41773399
2881.80761872
2882.19750279
2882.58738619
2882.97726892
2883.36715098
2883.75703238
2884.14691312
2884.53679319
2884.92667259
2885.31655132
2885.70642939
2886.09630680
2886.48618353
2886.87605961
2887.26593501
2887.65580975
2888.04568383
2888.43555723
2888.82542998
2889.21530205
2889.60517346
2889.99504421
2890.38491428
2890.77478370
2891.16465244
2891.55452052
2891.94438794
2892.33425468
2892.72412077
2893.11398618
2893.50385093
2893.89371501
2894.28357843
2894.67344118
2895.06330327
2895.45316469
2895.84302544
2896.23288553
2896.62274495
2897.01260371
2897.40246180
2897.79231922
2898.18217598
2898.57203207
2898.96188750
2899.35174226
2899.74159635
2900.13144978
2900.52130254
2900.91115464
2901.30100607
2901.69085683
2902.08070693
2902.47055636
2902.86040513
2903.25025323
2903.64010066
2904.02994743
2904.41979353
2904.80963897
2905.19948374
2905.58932784
2905.97917128
2906.36901405
2906.75885616
2907.14869760
2907.53853837
2907.92837848
2908.31821792
2908.70805670
2909.09789481
2909.48773225
2909.87756903
2910.26740514
2910.65724059
2911.04707537
2911.43690948
2911.82674293
2912.21657571
2912.60640783
2912.99623928
2913.38607006
2913.77590018
2914.16572963
2914.55555842
2914.94538654
2915.33521399
2915.72504078
2916.11486690
2916.50469235
2916.89451714
2917.28434127
2917.67416473
2918.06398752
2918.45380964
2918.84363110
2919.23345190
2919.62327203
2920.01309149
2920.40291028
2920.79272841
2921.18254588
2921.57236268
2921.96217881
2922.35199427
2922.74180907
2923.13162321
2923.52143667
2923.91124948
2924.30106161
2924.69087308
2925.08068389
2925.47049402
2925.86030350
2926.25011230
2926.63992044
2927.02972792
2927.41953472
2927.80934087
2928.19914634
2928.58895115
2928.97875530
2929.36855877
2929.75836159
2930.14816373
2930.53796521
2930.92776603
2931.31756617
2931.70736565
2932.09716447
2932.48696262
2932.87676010
2933.26655692
2933.65635307
2934.04614856
2934.43594338
2934.82573753
2935.21553102
2935.60532384
2935.99511600
2936.38490749
2936.77469831
2937.16448847
2937.55427796
2937.94406679
2938.33385495
2938.72364244
2939.11342927
2939.50321543
2939.89300093
2940.28278576
2940.67256992
2941.06235342
2941.45213625
2941.84191842
2942.23169992
2942.62148075
2943.01126092
2943.40104042
2943.79081926
2944.18059743
2944.57037493
2944.96015177
2945.34992794
2945.73970345
2946.12947829
2946.51925246
2946.90902597
2947.29879881
2947.68857099
2948.07834250
2948.46811334
2948.85788352
2949.24765303
2949.63742188
2950.02719006
2950.41695757
2950.80672442
2951.19649060
2951.58625612
2951.97602097
2952.36578515
2952.75554867
2953.14531152
2953.53507371
2953.92483523
2954.31459608
2954.70435627
2955.09411579
2955.48387464
2955.87363283
2956.26339036
2956.65314722
2957.04290341
2957.43265893
2957.82241379
2958.21216799
2958.60192152
2958.99167438
2959.38142657
2959.77117810
2960.16092897
2960.55067917
2960.94042870
2961.33017756
2961.71992576
2962.10967330
2962.49942016
2962.88916637
2963.27891190
2963.66865677
2964.05840098
2964.44814451
2964.83788739
2965.22762959
2965.61737113
2966.00711201
2966.39685221
2966.78659176
2967.17633063
2967.56606884
2967.95580639
2968.34554326
2968.73527948
2969.12501502
2969.51474990
2969.90448411
2970.29421766
2970.68395054
2971.07368276
2971.46341431
2971.85314519
2972.24287541
2972.63260496
2973.02233385
2973.41206207
2973.80178962
2974.19151651
2974.58124273
2974.97096829
2975.36069318
2975.75041740
2976.14014096
2976.52986385
2976.91958608
2977.30930764
2977.69902853
2978.08874876
2978.47846832
2978.86818722
2979.25790545
2979.64762301
2980.03733991
2980.42705614
2980.81677171
2981.20648661
2981.59620084
2981.98591441
2982.37562731
2982.76533955
2983.15505112
2983.54476202
2983.93447226
2984.32418183
2984.71389074
2985.10359898
2985.49330655
2985.88301346
2986.27271970
2986.66242528
2987.05213019
2987.44183443
2987.83153801
2988.22124092
2988.61094317
2989.00064475
2989.39034566
2989.78004591
2990.16974549
2990.55944441
2990.94914266
2991.33884024
2991.72853716
2992.11823341
2992.50792899
2992.89762391
2993.28731817
2993.67701176
2994.06670468
2994.45639693
2994.84608852
2995.23577945
2995.62546971
2996.01515930
2996.40484822
2996.79453648
2997.18422408
2997.57391101
2997.96359727
2998.35328286
2998.74296779
2999.13265206
2999.52233565
2999.91201859
3000.30170085
3000.69138245
3001.08106339
3001.47074365
3001.86042326
3002.25010219
3002.63978046
3003.02945807
3003.41913500
3003.80881128
3004.19848688
3004.58816182
3004.97783610
3005.36750970
3005.75718265
3006.14685492
3006.53652653
3006.92619748
3007.31586775
3007.70553736
3008.09520631
3008.48487459
3008.87454220
3009.26420915
3009.65387543
3010.04354105
3010.43320600
3010.82287028
3011.21253390
3011.60219685
3011.99185914
3012.38152076
3012.77118171
3013.16084200
3013.55050162
3013.94016058
3014.32981887
3014.71947649
3015.10913345
3015.49878974
3015.88844537
3016.27810033
3016.66775462
3017.05740825
3017.44706121
3017.83671351
3018.22636514
3018.61601610
3019.00566640
3019.39531603
3019.78496500
3020.17461330
3020.56426093
3020.95390790
3021.34355420
3021.73319984
3022.12284481
3022.51248911
3022.90213275
3023.29177572
3023.68141803
3024.07105967
3024.46070064
3024.85034095
3025.23998059
3025.62961957
3026.01925788
3026.40889552
3026.79853250
3027.18816881
3027.57780446
3027.96743944
3028.35707375
3028.74670740
3029.13634038
3029.52597270
3029.91560434
3030.30523533
3030.69486565
3031.08449530
3031.47412428
3031.86375260
3032.25338026
3032.64300725
3033.03263357
3033.42225922
3033.81188421
3034.20150854
3034.59113220
3034.98075519
3035.37037751
3035.75999917
3036.14962017
3036.53924050
3036.92886016
3037.31847915
3037.70809748
3038.09771515
3038.48733214
3038.87694848
3039.26656414
3039.65617914
3040.04579348
3040.43540714
3040.82502015
3041.21463248
3041.60424415
3041.99385516
3042.38346549
3042.77307517
3043.16268417
3043.55229251
3043.94190019
3044.33150719
3044.72111353
3045.11071921
3045.50032422
3045.88992856
3046.27953224
3046.66913525
3047.05873760
3047.44833928
3047.83794029
3048.22754064
3048.61714032
3049.00673934
3049.39633769
3049.78593537
3050.17553239
3050.56512874
3050.95472443
3051.34431945
3051.73391380
3052.12350749
3052.51310051
3052.90269287
3053.29228456
3053.68187558
3054.07146594
3054.46105563
3054.85064466
3055.24023302
3055.62982071
3056.01940774
3056.40899410
3056.79857980
3057.18816483
3057.57774919
3057.96733289
3058.35691592
3058.74649829
3059.13607999
3059.52566102
3059.91524139
3060.30482109
3060.69440013
3061.08397850
3061.47355620
3061.86313324
3062.25270961
3062.64228532
3063.03186036
3063.42143473
3063.81100844
3064.20058148
3064.59015386
3064.97972557
3065.36929661
3065.75886699
3066.14843670
3066.53800575
3066.92757413
3067.31714184
3067.70670889
3068.09627527
3068.48584098
3068.87540603
3069.26497042
3069.65453414
3070.04409719
3070.43365957
3070.82322129
3071.21278235
3071.60234274
3071.99190246
3072.38146151
3072.77101990
3073.16057763
3073.55013469
3073.93969108
3074.32924680
3074.71880186
3075.10835626
3075.49790998
3075.88746305
3076.27701544
3076.66656717
3077.05611824
3077.44566863
3077.83521837
3078.22476743
3078.61431583
3079.00386357
3079.39341063
3079.78295704
3080.17250277
3080.56204784
3080.95159225
3081.34113598
3081.73067906
3082.12022146
3082.50976320
3082.89930427
3083.28884468
3083.67838442
3084.06792350
3084.45746191
3084.84699965
3085.23653673
3085.62607314
3086.01560889
3086.40514397
3086.79467838
3087.18421213
3087.57374521
3087.96327763
3088.35280938
3088.74234046
3089.13187088
3089.52140063
3089.91092972
3090.30045814
3090.68998589
3091.07951298
3091.46903940
3091.85856516
3092.24809025
3092.63761467
3093.02713843
3093.41666152
3093.80618395
3094.19570571
3094.58522680
3094.97474723
3095.36426699
3095.75378609
3096.14330452
3096.53282228
3096.92233938
3097.31185581
3097.70137158
3098.09088668
3098.48040111
3098.86991488
3099.25942798
3099.64894042
3100.03845219
3100.42796329
3100.81747373
3101.20698350
3101.59649261
3101.98600105
3102.37550882
3102.76501593
3103.15452237
3103.54402815
3103.93353326
3104.32303770
3104.71254148
3105.10204459
3105.49154703
3105.88104881
3106.27054993
3106.66005038
3107.04955016
3107.43904927
3107.82854772
3108.21804551
3108.60754263
3108.99703908
3109.38653486
3109.77602998
3110.16552444
3110.55501823
3110.94451135
3111.33400380
3111.72349559
3112.11298672
3112.50247717
3112.89196697
3113.28145609
3113.67094455
3114.06043235
3114.44991947
3114.83940594
3115.22889173
3115.61837686
3116.00786133
3116.39734512
3116.78682826
3117.17631072
3117.56579252
3117.95527366
3118.34475412
3118.73423393
3119.12371306
3119.51319153
3119.90266933
3120.29214647
3120.68162294
3121.07109875
3121.46057389
3121.85004836
3122.23952217
3122.62899531
3123.01846779
3123.40793960
3123.79741074
3124.18688122
3124.57635103
3124.96582018
3125.35528866
3125.74475647
3126.13422362
3126.52369010
3126.91315592
3127.30262107
3127.69208555
3128.08154937
3128.47101252
3128.86047501
3129.24993683
3129.63939798
3130.02885847
3130.41831829
3130.80777745
3131.19723594
3131.58669376
3131.97615092
3132.36560741
3132.75506324
3133.14451840
3133.53397289
3133.92342672
3134.31287988
3134.70233238
3135.09178421
3135.48123537
3135.87068587
3136.26013570
3136.64958487
3137.03903337
3137.42848120
3137.81792837
3138.20737487
3138.59682071
3138.98626588
3139.37571038
3139.76515422
3140.15459739
3140.54403990
3140.93348174
3141.32292291
3141.71236342
3142.10180326
3142.49124243
3142.88068094
3143.27011879
3143.65955597
3144.04899248
3144.43842832
3144.82786350
3145.21729802
3145.60673187
3145.99616505
3146.38559756
3146.77502941
3147.16446060
3147.55389112
3147.94332097
3148.33275015
3148.72217867
3149.11160653
3149.50103371
3149.89046024
3150.27988609
3150.66931128
3151.05873581
3151.44815966
3151.83758286
3152.22700538
3152.61642724
3153.00584844
3153.39526896
3153.78468883
3154.17410802
3154.56352655
3154.95294442
3155.34236161
3155.73177815
3156.12119401
3156.51060921
3156.90002374
3157.28943761
3157.67885081
3158.06826335
3158.45767522
3158.84708642
3159.23649696
3159.62590683
3160.01531604
3160.40472458
3160.79413245
3161.18353966
3161.57294620
3161.96235208
3162.35175729
3162.74116183
3163.13056571
3163.51996892
3163.90937147
3164.29877335
3164.68817456
3165.07757511
3165.46697499
3165.85637421
3166.24577276
3166.63517064
3167.02456786
3167.41396441
3167.80336030
3168.19275552
3168.58215007
3168.97154396
3169.36093718
3169.75032974
3170.13972163
3170.52911285
3170.91850341
3171.30789330
3171.69728253
3172.08667109
3172.47605898
3172.86544621
3173.25483277
3173.64421867
3174.03360390
3174.42298846
3174.81237236
3175.20175559
3175.59113816
3175.98052006
3176.36990129
3176.75928186
3177.14866176
3177.53804100
3177.92741957
3178.31679747
3178.70617471
3179.09555128
3179.48492718
3179.87430242
3180.26367700
3180.65305091
3181.04242415
3181.43179672
3181.82116863
3182.21053988
3182.59991046
3182.98928037
3183.37864961
3183.76801819
3184.15738611
3184.54675336
3184.93611994
3185.32548585
3185.71485110
3186.10421569
3186.49357960
3186.88294286
3187.27230544
3187.66166736
3188.05102862
3188.44038920
3188.82974913
3189.21910838
3189.60846697
3189.99782490
3190.38718215
3190.77653875
3191.16589467
3191.55524993
3191.94460453
3192.33395845
3192.72331172
3193.11266431
3193.50201624
3193.89136750
3194.28071810
3194.67006803
3195.05941730
3195.44876590
3195.83811383
3196.22746110
3196.61680770
3197.00615364
3197.39549891
3197.78484351
3198.17418745
3198.56353072
3198.95287333
3199.34221527
3199.73155654
3200.12089715
3200.51023709
3200.89957637
3201.28891498
3201.67825292
3202.06759020
3202.45692681
3202.84626276
3203.23559804
3203.62493265
3204.01426660
3204.40359988
3204.79293250
3205.18226445
3205.57159573
3205.96092635
3206.35025630
3206.73958559
3207.12891421
3207.51824216
3207.90756945
3208.29689607
3208.68622203
3209.07554732
3209.46487194
3209.85419590
3210.24351919
3210.63284182
3211.02216378
3211.41148507
3211.80080570
3212.19012566
3212.57944496
3212.96876359
3213.35808155
3213.74739885
3214.13671548
3214.52603145
3214.91534675
3215.30466138
3215.69397535
3216.08328865
3216.47260128
3216.86191325
3217.25122456
3217.64053520
3218.02984517
3218.41915447
3218.80846311
3219.19777109
3219.58707840
3219.97638504
3220.36569101
3220.75499632
3221.14430097
3221.53360495
3221.92290826
3222.31221090
3222.70151288
3223.09081420
3223.48011484
3223.86941483
3224.25871414
3224.64801279
3225.03731078
3225.42660809
3225.81590475
3226.20520073
3226.59449605
3226.98379071
3227.37308469
3227.76237802
3228.15167067
3228.54096266
3228.93025399
3229.31954464
3229.70883464
3230.67394553
3231.03198186
3231.39003754
3231.74811259
3232.10620700
3232.46432076
3232.82245389
3233.18060637
3233.53877822
3233.89696942
3234.25517999
3234.61340991
3234.97165920
3235.32992784
3235.68821585
3236.04652321
3236.40484994
3236.76319603
3237.12156147
3237.47994628
3237.83835044
3238.19677397
3238.55521685
3238.91367910
3239.27216070
3239.63066167
3239.98918199
3240.34772168
3240.70628072
3241.06485913
3241.42345689
3241.78207402
3242.14071051
3242.49936635
3242.85804156
3243.21673612
3243.57545005
3243.93418333
3244.29293598
3244.65170798
3245.01049935
3245.36931007
3245.72814016
3246.08698960
3246.44585841
3246.80474658
3247.16365410
3247.52258099
3247.88152723
3248.24049284
3248.59947780
3248.95848213
3249.31750581
3249.67654886
3250.03561126
3250.39469303
3250.75379415
3251.11291464
3251.47205448
3251.83121369
3252.19039226
3252.54959018
3252.90880747
3253.26804411
3253.62730012
3253.98657548
3254.34587021
3254.70518429
3255.06451774
3255.42387054
3255.78324271
3256.14263423
3256.50204512
3256.86147537
3257.22092497
3257.58039394
3257.93988226
3258.29938995
3258.65891699
3259.01846340
3259.37802916
3259.73761429
3260.09721877
3260.45684262
3260.81648583
3261.17614839
3261.53583032
3261.89553160
3262.25525225
3262.61499225
3262.97475162
3263.33453034
3263.69432843
3264.05414587
3264.41398268
3264.77383884
3265.13371437
3265.49360926
3265.85352350
3266.21345711
3266.57341007
3266.93338240
3267.29337408
3267.65338513
3268.01341553
3268.37346530
3268.73353442
3269.09362291
3269.45373075
3269.81385796
3270.17400453
3270.53417045
3270.89435574
3271.25456038
3271.61478439
3271.97502775
3272.33529048
3272.69557256
3273.05587401
3273.41619481
3273.77653498
3274.13689451
3274.49727339
3274.85767164
3275.21808924
3275.57852621
3275.93898253
3276.29945822
3276.65995326
3277.02046767
3277.38100143
3277.74155456
3278.10212705
3278.46271889
3278.82333010
3279.18396066
3279.54461059
3279.90527987
3280.26596852
3280.62667652
3280.98740389
3281.34815061
3281.70891670
3282.06970215
3282.43050695
3282.79133112
3283.15217464
3283.51303753
3283.87391977
3284.23482138
3284.59574234
3284.95668267
3285.31764235
3285.67862140
3286.03961981
3286.40063757
3286.76167470
3287.12273118
3287.48380703
3287.84490223
3288.20601680
3288.56715072
3288.92830401
3289.28947665
3289.65066866
3290.01188003
3290.37311075
3290.73436084
3291.09563028
3291.45691909
3291.81822725
3292.17955478
3292.54090166
3292.90226791
3293.26365351
3293.62505848
3293.98648281
3294.34792649
3294.70938954
3295.07087194
3295.43237371
3295.79389483
3296.15543532
3296.51699516
3296.87857437
3297.24017293
3297.60179086
3297.96342815
3298.32508479
3298.68676080
3299.04845616
3299.41017089
3299.77190497
3300.13365842
3300.49543122
3300.85722339
3301.21903492
3301.58086580
3301.94271605
3302.30458565
3302.66647462
3303.02838294
3303.39031063
3303.75225767
3304.11422408
3304.47620984
3304.83821497
3305.20023946
3305.56228330
3305.92434651
3306.28642907
3306.64853100
3307.01065228
3307.37279293
3307.73495293
3308.09713230
3308.45933103
3308.82154911
3309.18378656
3309.54604336
3309.90831953
3310.27061505
3310.63292994
3310.99526418
3311.35761779
3311.71999075
3312.08238308
3312.44479477
3312.80722581
3313.16967622
3313.53214598
3313.89463511
3314.25714359
3314.61967144
3314.98221864
3315.34478521
3315.70737114
3316.06997642
3316.43260107
3316.79524507
3317.15790844
3317.52059116
3317.88329325
3318.24601469
3318.60875550
3318.97151567
3319.33429519
3319.69709408
3320.05991232
3320.42274993
3320.78560689
3321.14848322
3321.51137890
3321.87429395
3322.23722836
3322.60018212
3322.96315525
3323.32614773
3323.68915958
3324.05219078
3324.41524135
3324.77831127
3325.14140056
3325.50450920
3325.86763721
3326.23078458
3326.59395130
3326.95713739
3327.32034283
3327.68356764
3328.04681180
3328.41007533
3328.77335821
3329.13666046
3329.49998207
3329.86332303
3330.22668336
3330.59006304
3330.95346209
3331.31688049
3331.68031826
3332.04377538
3332.40725187
3332.77074772
3333.13426292
3333.49779749
3333.86135141
3334.22492470
3334.58851734
3334.95212935
3335.31576071
3335.67941144
3336.04308153
3336.40677097
3336.77047978
3337.13420794
3337.49795547
3337.86172235
3338.22550860
3338.58931421
3338.95313917
3339.31698350
3339.68084718
3340.04473023
3340.40863263
3340.77255440
3341.13649552
3341.50045601
3341.86443586
3342.22843506
3342.59245363
3342.95649155
3343.32054884
3343.68462548
3344.04872149
3344.41283685
3344.77697158
3345.14112567
3345.50529911
3345.86949192
3346.23370408
3346.59793561
3346.96218649
3347.32645674
3347.69074634
3348.05505531
3348.41938364
3348.78373132
3349.14809837
3349.51248477
3349.87689054
3350.24131566
3350.60576015
3350.97022400
3351.33470720
3351.69920977
3352.06373169
3352.42827298
3352.79283362
3353.15741363
3353.52201299
3353.88663172
3354.25126981
3354.61592725
3354.98060406
3355.34530022
3355.71001575
3356.07475063
3356.43950488
3356.80427848
3357.16907145
3357.53388378
3357.89871546
3358.26356651
3358.62843691
3358.99332668
3359.35823580
3359.72316429
3360.08811214
3360.45307934
3360.81806591
3361.18307183
3361.54809712
3361.91314176
3362.27820577
3362.64328913
3363.00839186
3363.37351395
3363.73865539
3364.10381620
3364.46899636
3364.83419589
3365.19941477
3365.56465302
3365.92991063
3366.29518759
3366.66048392
3367.02579960
3367.39113465
3367.75648905
3368.12186282
3368.48725594
3368.85266843
3369.21810028
3369.58355148
3369.94902205
3370.31451197
3370.68002126
3371.04554990
3371.41109791
3371.77666528
3372.14225200
3372.50785809
3372.87348353
3373.23912834
3373.60479250
3373.97047603
3374.33617892
3374.70190116
3375.06764277
3375.43340373
3375.79918406
3376.16498374
3376.53080279
3376.89664119
3377.26249896
3377.62837609
3377.99427257
3378.36018842
3378.72612362
3379.09207819
3379.45805211
3379.82404540
3380.19005805
3380.55609005
3380.92214142
3381.28821214
3381.65430223
3382.02041167
3382.38654048
3382.75268865
3383.11885617
3383.48504306
3383.85124930
3384.21747491
3384.58371987
3384.94998420
3385.31626789
3385.68257093
3386.04889334
3386.41523510
3386.78159623
3387.14797671
3387.51437656
3387.88079576
3388.24723433
3388.61369226
3388.98016954
3389.34666619
3389.71318219
3390.07971756
3390.44627228
3390.81284637
3391.17943982
3391.54605262
3391.91268479
3392.27933631
3392.64600720
3393.01269744
3393.37940705
3393.74613602
3394.11288434
3394.47965203
3394.84643907
3395.21324548
3395.58007124
3395.94691637
3396.31378086
3396.68066470
3397.04756791
3397.41449047
3397.78143240
3398.14839368
3398.51537433
3398.88237434
3399.24939370
3399.61643243
3399.98349051
3400.35056796
3400.71766476
3401.08478093
3401.45191646
3401.81907134
3402.18624559
3402.55343919
3402.92065216
3403.28788448
3403.65513617
3404.02240722
3404.38969762
3404.75700739
3405.12433651
3405.49168500
3405.85905284
3406.22644005
3406.59384662
3406.96127254
3407.32871783
3407.69618247
3408.06366648
3408.43116984
3408.79869257
3409.16623466
3409.53379610
3409.90137691
3410.26897707
3410.63659660
3411.00423548
3411.37189373
3411.73957134
3412.10726830
3412.47498463
3412.84272031
3413.21047536
3413.57824976
3413.94604353
3414.31385666
3414.68168914
3415.04954099
3415.41741219
3415.78530276
3416.15321268
3416.52114197
3416.88909062
3417.25705862
3417.62504599
3417.99305271
3418.36107880
3418.72912425
3419.09718905
3419.46527322
3419.83337674
3420.20149963
3420.56964187
3420.93780348
3421.30598445
3421.67418477
3422.04240446
3422.41064350
3422.77890191
3423.14717967
3423.51547680
3423.88379329
3424.25212913
3424.62048434
3424.98885890
3425.35725283
3425.72566611
3426.09409876
3426.46255077
3426.83102213
3427.19951286
3427.56802294
3427.93655239
3428.30510120
3428.67366936
3429.04225689
3429.41086377
3429.77949002
3430.14813562
3430.51680059
3430.88548492
3431.25418860
3431.62291165
3431.99165405
3432.36041582
3432.72919694
3433.09799743
3433.46681728
3433.83565648
3434.20451505
3434.57339297
3434.94229026
3435.31120690
3435.68014291
3436.04909828
3436.41807300
3436.78706709
3437.15608053
3437.52511334
3437.89416551
3438.26323703
3438.63232792
3439.00143816
3439.37056777
3439.73971673
3440.10888506
3440.47807275
3440.84727979
3441.21650620
3441.58575196
3441.95501709
3442.32430157
3442.69360542
3443.06292863
3443.43227119
3443.80163312
3444.17101440
3444.54041505
3444.90983506
3445.27927442
3445.64873315
3446.01821123
3446.38770868
3446.75722548
3447.12676165
3447.49631718
3447.86589206
3448.23548631
3448.60509991
3448.97473288
3449.34438521
3449.71405689
3450.08374794
3450.45345834
3450.82318811
3451.19293723
3451.56270572
3451.93249357
3452.30230077
3452.67212734
3453.04197326
3453.41183855
3453.78172320
3454.15162720
3454.52155057
3454.89149329
3455.26145538
3455.63143682
3456.00143763
3456.37145780
3456.74149732
3457.11155621
3457.48163445
3457.85173206
3458.22184903
3458.59198535
3458.96214104
3459.33231608
3459.70251049
3460.07272425
3460.44295738
3460.81320987
3461.18348171
3461.55377292
3461.92408348
3462.29441341
3462.66476270
3463.03513134
3463.40551935
3463.77592671
3464.14635344
3464.51679952
3464.88726497
3465.25774978
3465.62825394
3465.99877747
3466.36932035
3466.73988260
3467.11046421
3467.48106517
3467.85168550
3468.22232518
3468.59298423
3468.96366263
3469.33436040
3469.70507753
3470.07581401
3470.44656986
3470.81734506
3471.18813963
3471.55895356
3471.92978684
3472.30063949
3472.67151149
3473.04240286
3473.41331359
3473.78424367
3474.15519312
3474.52616192
3474.89715009
3475.26815761
3475.63918450
3476.01023075
3476.38129635
3476.75238132
3477.12348564
3477.49460933
3477.86575238
3478.23691478
3478.60809655
3478.97929767
3479.35051816
3479.72175801
3480.09301721
3480.46429578
3480.83559370
3481.20691099
3481.57824763
3481.94960364
3482.32097901
3482.69237373
3483.06378782
3483.43522126
3483.80667407
3484.17814624
3484.54963776
3484.92114865
3485.29267889
3485.66422850
3486.03579747
3486.40738579
3486.77899348
3487.15062052
3487.52226693
3487.89393269
3488.26561782
3488.63732231
3489.00904615
3489.38078936
3489.75255192
3490.12433385
3490.49613514
3490.86795578
3491.23979579
3491.61165515
3491.98353388
3492.35543197
3492.72734941
3493.09928622
3493.47124238
3493.84321791
3494.21521280
3494.58722704
3494.95926065
3495.33131361
3495.70338594
3496.07547762
3496.44758867
3496.81971908
3497.19186884
3497.56403797
3497.93622645
3498.30843430
3498.68066151
3499.05290807
3499.42517400
3499.79745928
3500.16976393
3500.54208794
3500.91443130
3501.28679403
3501.65917611
3502.03157756
3502.40399837
3502.77643853
3503.14889806
3503.52137694
3503.89387519
3504.26639280
3504.63892976
3505.01148609
3505.38406177
3505.75665682
3506.12927122
3506.50190499
3506.87455812
3507.24723060
3507.61992245
3507.99263365
3508.36536422
3508.73811415
3509.11088343
3509.48367208
3509.85648008
3510.22930745
3510.60215418
3510.97502026
3511.34790571
3511.72081051
3512.09373468
3512.46667821
3512.83964109
3513.21262334
3513.58562494
3513.95864591
3514.33168624
3514.70474592
3515.07782497
3515.45092337
3515.82404114
3516.19717827
3516.57033475
3516.94351060
3517.31670580
3517.68992037
3518.06315430
3518.43640758
3518.80968023
3519.18297223
3519.55628360
3519.92961433
3520.30296441
3520.67633386
3521.04972266
3521.42313083
3521.79655836
3522.17000524
3522.54347149
3522.91695709
3523.29046206
3523.66398639
3524.03753007
3524.41109312
3524.78467552
3525.15827729
3525.53189842
3525.90553890
3526.27919875
3526.65287795
3527.02657652
3527.40029444
3527.77403173
3528.14778838
3528.52156438
3528.89535975
3529.26917447
3529.64300856
3530.01686201
3530.39073481
3530.76462698
3531.13853850
3531.51246939
3531.88641964
3532.26038924
3532.63437821
3533.00838653
3533.38241422
3533.75646127
3534.13052767
3534.50461344
3534.87871856
3535.25284305
3535.62698690
3536.00115010
3536.37533267
3536.74953459
3537.12375588
3537.49799653
3537.87225653
3538.24653590
3538.62083462
3538.99515271
3539.36949016
3539.74384696
3540.11822313
3540.49261865
3540.86703354
3541.24146779
3541.61592139
3541.99039436
3542.36488669
3542.73939837
3543.11392942
3543.48847982
3543.86304959
3544.23763872
3544.61224720
3544.98687505
3545.36152225
3545.73618882
3546.11087475
3546.48558003
3546.86030468
3547.23504868
3547.60981205
3547.98459478
3548.35939686
3548.73421831
3549.10905911
3549.48391928
3549.85879881
3550.23369769
3550.60861594
3550.98355354
3551.35851051
3551.73348684
3552.10848252
3552.48349757
3552.85853197
3553.23358574
3553.60865887
3553.98375135
3554.35886320
3554.73399440
3555.10914497
3555.48431490
3555.85950418
3556.23471283
3556.60994083
3556.98518820
3557.36045493
3557.73574101
3558.11104646
3558.48637126
3558.86171543
3559.23707896
3559.61246184
3559.98786409
3560.36328569
3560.73872666
3561.11418699
3561.48966667
3561.86516572
3562.24068413
3562.61622189
3562.99177902
3563.36735550
3563.74295135
3564.11856656
3564.49420112
3564.86985505
3565.24552833
3565.62122098
3565.99693299
3566.37266435
3566.74841508
3567.12418516
3567.49997461
3567.87578342
3568.25161158
3568.62745911
3569.00332599
3569.37921224
3569.75511785
3570.13104281
3570.50698714
3570.88295082
3571.25893387
3571.63493628
3572.01095804
3572.38699917
3572.76305966
3573.13913950
3573.51523871
3573.89135727
3574.26749520
3574.64365249
3575.01982913
3575.39602514
3575.77224050
3576.14847523
3576.52472932
3576.90100276
3577.27729557
3577.65360773
3578.02993926
3578.40629015
3578.78266039
3579.15905000
3579.53545896
3579.91188729
3580.28833498
3580.66480202
3581.04128843
3581.41779420
3581.79431932
3582.17086381
3582.54742765
3582.92401086
3583.30061343
3583.67723535
3584.05387664
3584.43053728
3584.80721729
3585.18391666
3585.56063538
3585.93737347
3586.31413091
3586.69090772
3587.06770389
3587.44451941
3587.82135430
3588.19820855
3588.57508215
3588.95197512
3589.32888744
3589.70581913
3590.08277018
3590.45974058
3590.83673035
3591.21373947
3591.59076796
3591.96781581
3592.34488301
3592.72196958
3593.09907551
3593.47620079
3593.85334544
3594.23050944
3594.60769281
3594.98489554
3595.36211762
3595.73935907
3596.11661987
3596.49390004
3596.87119957
3597.24851845
3597.62585670
3598.00321430
3598.38059127
3598.75798760
3599.13540328
3599.51283833
3599.89029274
3600.26776650
3600.64525963
3601.02277211
3601.40030396
3601.77785517
3602.15542573
3602.53301566
3602.91062494
3603.28825359
3603.66590160
3604.04356896
3604.42125569
3604.79896178
3605.17668722
3605.55443203
3605.93219619
3606.30997972
3606.68778261
3607.06560485
3607.44344646
3607.82130742
3608.19918775
3608.57708744
3608.95500648
3609.33294489
3609.71090266
3610.08887978
3610.46687627
3610.84489211
3611.22292732
3611.60098189
3611.97905581
3612.35714910
3612.73526174
3613.11339375
3613.49154512
3613.86971584
3614.24790593
3614.62611538
3615.00434418
3615.38259235
3615.76085987
3616.13914676
3616.51745301
3616.89577861
3617.27412358
3617.65248791
3618.03087159
3618.40927464
3618.78769704
3619.16613881
3619.54459994
3619.92308042
3620.30158027
3620.68009947
3621.05863804
3621.43719597
3621.81577325
3622.19436990
3622.57298591
3622.95162127
3623.33027600
3623.70895008
3624.08764353
3624.46635634
3624.84508850
3625.22384003
3625.60261092
3625.98140116
3626.36021077
3626.73903973
3627.11788806
3627.49675575
3627.87564279
3628.25454920
3628.63347496
3629.01242009
3629.39138458
3629.77036842
3630.14937163
3630.52839420
3630.90743612
3631.28649741
3631.66557805
3632.04467806
3632.42379743
3632.80293615
3633.18209424
3633.56127169
3633.94046849
3634.31968466
3634.69892018
3635.07817507
3635.45744932
3635.83674292
3636.21605589
3636.59538822
3636.97473990
3637.35411095
3637.73350135
3638.11291112
3638.49234025
3638.87178873
3639.25125658
3639.63074378
3640.01025035
3640.38977628
3640.76932156
3641.14888621
3641.52847022
3641.90807358
3642.28769631
3642.66733839
3643.04699984
3643.42668065
3643.80638081
3644.18610034
3644.56583923
3644.94559747
3645.32537508
3645.70517204
3646.08498837
3646.46482406
3646.84467910
3647.22455351
3647.60444728
3647.98436040
3648.36429289
3648.74424473
3649.12421594
3649.50420651
3649.88421643
3650.26424572
3650.64429437
3651.02436237
3651.40444974
3651.78455646
3652.16468255
3652.54482800
3652.92499280
3653.30517697
3653.68538050
3654.06560338
3654.44584563
3654.82610723
3655.20638820
3655.58668853
3655.96700821
3656.34734726
3656.72770567
3657.10808343
3657.48848056
3657.86889704
3658.24933289
3658.62978810
3659.01026266
3659.39075659
3659.77126988
3660.15180252
3660.53235453
3660.91292589
3661.29351662
3661.67412671
3662.05475615
3662.43540496
3662.81607313
3663.19676065
3663.57746754
3663.95819379
3664.33893939
3664.71970436
3665.10048868
3665.48129237
3665.86211542
3666.24295782
3666.62381959
3667.00470072
3667.38560120
3667.76652105
3668.14746025
3668.52841882
3668.90939675
3669.29039403
3669.67141068
3670.05244669
3670.43350205
3670.81457678
3671.19567086
3671.57678431
3671.95791712
3672.33906928
3672.72024081
3673.10143170
3673.48264194
3673.86387155
3674.24512052
3674.62638884
3675.00767653
3675.38898357
3675.77030998
3676.15165575
3676.53302087
3676.91440536
3677.29580921
3677.67723241
3678.05867498
3678.44013690
3678.82161819
3679.20311884
3679.58463884
3679.96617821
3680.34773694
3680.72931502
3681.11091247
3681.49252927
3681.87416544
3682.25582097
3682.63749585
3683.01919010
3683.40090371
3683.78263667
3684.16438900
3684.54616069
3684.92795173
3685.30976214
3685.69159190
3686.07344103
3686.45530952
3686.83719736
3687.21910457
3687.60103114
3687.98297706
3688.36494235
3688.74692700
3689.12893100
3689.51095437
3689.89299709
3690.27505918
3690.65714063
3691.03924143
3691.42136160
3691.80350113
3692.18566001
3692.56783826
3692.95003586
3693.33225283
3693.71448916
3694.09674484
3694.47901989
3694.86131430
3695.24362806
3695.62596119
3696.00831368
3696.39068552
3696.77307673
3697.15548729
3697.53791722
3697.92036651
3698.30283515
3698.68532316
3699.06783053
3699.45035725
3699.83290334
3700.21546879
3700.59805359
3700.98065776
3701.36328128
3701.74592417
3702.12858642
3702.51126802
3702.89396899
3703.27668932
3703.65942900
3704.04218805
3704.42496646
3704.80776422
3705.19058135
3705.57341783
3705.95627368
3706.33914889
3706.72204345
3707.10495738
3707.48789067
3707.87084331
3708.25381532
3708.63680669
3709.01981741
3709.40284750
3709.78589694
3710.16896575
3710.55205392
3710.93516144
3711.31828833
3711.70143458
3712.08460018
3712.46778515
3712.85098948
3713.23421316
3713.61745621
3714.00071861
3714.38400038
3714.76730151
3715.15062199
3715.53396184
3715.91732105
3716.30069961
3716.68409754
3717.06751483
3717.45095147
3717.83440748
3718.21788284
3718.60137757
3718.98489166
3719.36842510
3719.75197791
3720.13555008
3720.51914160
3720.90275249
3721.28638274
3721.67003234
3722.05370131
3722.43738964
3722.82109732
3723.20482437
3723.58857077
3723.97233654
3724.35612167
3724.73992615
3725.12375000
3725.50759321
3725.89145577
3726.27533770
3726.65923899
3727.04315963
3727.42709964
3727.81105901
3728.19503773
3728.57903582
3728.96305326
3729.34709007
3729.73114624
3730.11522176
3730.49931665
3730.88343090
3731.26756450
3731.65171747
3732.03588980
3732.42008148
3732.80429253
3733.18852293
3733.57277270
3733.95704183
3734.34133031
3734.72563816
3735.10996537
3735.49431193
3735.87867786
3736.26306315
3736.64746779
3737.03189180
3737.41633517
3737.80079789
3738.18527998
3738.56978142
3738.95430223
3739.33884240
3739.72340192
3740.10798081
3740.49257906
3740.87719666
3741.26183363
3741.64648996
3742.03116564
3742.41586069
3742.80057510
3743.18530886
3743.57006199
3743.95483448
3744.33962632
3744.72443753
3745.10926809
3745.49411802
3745.87898731
3746.26387595
3746.64878396
3747.03371133
3747.41865805
3747.80362414
3748.18860959
3748.57361439
3748.95863856
3749.34368209
3749.72874497
3750.11382722
3750.49892882
3750.88404979
3751.26919012
3751.65434980
3752.03952885
3752.42472726
3752.80994502
3753.19518215
3753.58043864
3753.96571448
3754.35100969
3754.73632426
3755.12165818
3755.50701147
3755.89238412
3756.27777612
3756.66318749
3757.04861821
3757.43406830
3757.81953775
3758.20502655
3758.59053472
3758.97606225
3759.36160913
3759.74717538
3760.13276099
3760.51836595
3760.90399028
3761.28963397
3761.67529701
3762.06097942
3762.44668119
3762.83240231
3763.21814280
3763.60390265
3763.98968185
3764.37548042
3764.76129834
3765.14713563
3765.53299228
3765.91886828
3766.30476365
3766.69067838
3767.07661246
3767.46256591
3767.84853872
3768.23453088
3768.62054241
3769.00657330
3769.39262354
3769.77869315
3770.16478212
3770.55089044
3770.93701813
3771.32316517
3771.70933158
3772.09551735
3772.48172247
3772.86794696
3773.25419081
3773.64045401
3774.02673658
3774.41303851
3774.79935979
3775.18570044
3775.57206045
3775.95843981
3776.34483854
3776.73125663
3777.11769407
3777.50415088
3777.89062705
3778.27712257
3778.66363746
3779.05017171
3779.43672531
3779.82329828
3780.20989060
3780.59650229
3780.98313334
3781.36978374
3781.75645351
3782.14314264
3782.52985112
3782.91657897
3783.30332618
3783.69009274
3784.07687867
3784.46368396
3784.85050860
3785.23735261
3785.62421598
3786.01109870
3786.39800079
3786.78492224
3787.17186304
3787.55882321
3787.94580274
3788.33280162
3788.71981987
3789.10685748
3789.49391444
3789.88099077
3790.26808645
3790.65520150
3791.04233591
3791.42948967
3791.81666280
3792.20385529
3792.59106713
3792.97829834
3793.36554891
3793.75281883
3794.14010812
3794.52741677
3794.91474477
3795.30209214
3795.68945887
3796.07684495
3796.46425040
3796.85167521
3797.23911937
3797.62658290
3798.01406579
3798.40156803
3798.78908964
3799.17663061
3799.56419093
3799.95177062
3800.33936967
3800.72698807
3801.11462584
3801.50228296
3801.88995945
3802.27765530
3802.66537050
3803.05310507
3803.44085900
3803.82863228
3804.21642493
3804.60423694
3804.99206830
3805.37991903
3805.76778912
3806.15567856
3806.54358737
3806.93151554
3807.31946306
3807.70742995
3808.09541620
3808.48342180
3808.87144677
3809.25949110
3809.64755478
3810.03563783
3810.42374024
3810.81186200
3811.20000313
3811.58816362
3811.97634346
3812.36454267
3812.75276124
3813.14099916
3813.52925645
3813.91753310
3814.30582910
3814.69414447
3815.08247920
3815.47083328
3815.85920673
3816.24759953
3816.63601170
3817.02444323
3817.41289411
3817.80136436
3818.18985397
3818.57836293
3818.96689126
3819.35543895
3819.74400599
3820.13259240
3820.52119817
3820.90982329
3821.29846778
3821.68713163
3822.07581483
3822.46451740
3822.85323933
3823.24198061
3823.63074126
3824.01952127
3824.40832063
3824.79713936
3825.18597745
3825.57483489
3825.96371170
3826.35260787
3826.74152339
3827.13045828
3827.51941253
3827.90838613
3828.29737910
3828.68639143
3829.07542311
3829.46447416
3829.85354457
3830.24263433
3830.63174346
3831.02087195
3831.41001979
3831.79918700
3832.18837357
3832.57757949
3832.96680478
3833.35604943
3833.74531343
3834.13459680
3834.52389953
3834.91322161
3835.30256306
3835.69192387
3836.08130403
3836.47070356
3836.86012245
3837.24956069
3837.63901830
3838.02849527
3838.41799159
3838.80750728
3839.19704233
3839.58659673
3839.97617050
3840.36576363
3840.75537611
3841.14500796
3841.53465917
3841.92432973
3842.31401966
3842.70372895
3843.09345759
3843.48320560
3843.87297297
3844.26275969
3844.65256578
3845.04239123
3845.43223603
3845.82210020
3846.21198373
3846.60188661
3846.99180886
3847.38175047
3847.77171143
3848.16169176
3848.55169145
3848.94171049
3849.33174890
3849.72180667
3850.11188379
3850.50198028
3850.89209613
3851.28223133
3851.67238590
3852.06255983
3852.45275311
3852.84296576
3853.23319777
3853.62344913
3854.01371986
3854.40400995
3854.79431939
3855.18464820
3855.57499637
3855.96536389
3856.35575078
3856.74615703
3857.13658263
3857.52702760
3857.91749193
3858.30797561
3858.69847866
3859.08900107
3859.47954283
3859.87010396
3860.26068445
3860.65128429
3861.04190350
3861.43254207
3861.82319999
3862.21387728
3862.60457393
3862.99528993
3863.38602530
3863.77678003
3864.16755411
3864.55834756
3864.94916037
3865.33999253
3865.73084406
3866.12171495
3866.51260519
3866.90351480
3867.29444377
3867.68539209
3868.07635978
3868.46734683
3868.85835323
3869.24937900
3869.64042413
3870.03148861
3870.42257246
3870.81367567
3871.20479823
3871.59594016
3871.98710145
3872.37828209
3872.76948210
3873.16070147
3873.55194019
3873.94319828
3874.33447573
3874.72577253
3875.11708870
3875.50842423
3875.89977911
3876.29115336
3876.68254697
3877.07395993
3877.46539226
3877.85684395
3878.24831499
3878.63980540
3879.03131517
3879.42284429
3879.81439278
3880.20596063
3880.59754783
3880.98915440
3881.38078033
3881.77242561
3882.16409026
3882.55577427
3882.94747764
3883.33920036
3883.73094245
3884.12270390
3884.51448470
3884.90628487
3885.29810440
3885.68994328
3886.08180153
3886.47367914
3886.86557610
3887.25749243
3887.64942812
3888.04138316
3888.43335757
3888.82535134
3889.21736446
3889.60939695
3890.00144880
3890.39352000
3890.78561057
3891.17772050
3891.56984978
3891.96199843
3892.35416644
3892.74635380
3893.13856053
3893.53078662
3893.92303206
3894.31529687
3894.70758104
3895.09988456
3895.49220745
3895.88454970
3896.27691130
3896.66929227
3897.06169260
3897.45411228
3897.84655133
3898.23900974
3898.63148751
3899.02398463
3899.41650112
3899.80903697
3900.20159217
3900.59416674
3900.98676067
3901.37937395
3901.77200660
3902.16465861
3902.55732997
3902.95002070
3903.34273079
3903.73546023
3904.12820904
3904.52097721
3904.91376473
3905.30657162
3905.69939787
3906.09224347
3906.48510844
3906.87799277
3907.27089645
3907.66381950
3908.05676191
3908.44972367
3908.84270480
3909.23570529
3909.62872513
3910.02176434
3910.41482291
3910.80790084
3911.20099812
3911.59411477
3911.98725078
3912.38040614
3912.77358087
3913.16677496
3913.55998840
3913.95322121
3914.34647338
3914.73974490
3915.13303579
3915.52634604
3915.91967564
3916.31302461
3916.70639294
3917.09978062
3917.49318767
3917.88661408
3918.28005984
3918.67352497
3919.06700946
3919.46051330
3919.85403651
3920.24757908
3920.64114101
3921.03472229
3921.42832294
3921.82194295
3922.21558231
3922.60924104
3923.00291913
3923.39661657
3923.79033338
3924.18406955
3924.57782507
3924.97159996
3925.36539421
3925.75920781
3926.15304078
3926.54689311
3926.94076479
3927.33465584
3927.72856625
3928.12249602
3928.51644514
3928.91041363
3929.30440148
3929.69840868
3930.09243525
3930.48648118
3930.88054646
3931.27463111
3931.66873512
3932.06285848
3932.45700121
3932.85116330
3933.24534474
3933.63954555
3934.03376572
3934.42800524
3934.82226413
3935.21654238
3935.61083998
3936.00515695
3936.39949328
3936.79384897
3937.18822401
3937.58261842
3937.97703219
3938.37146531
3938.76591780
3939.16038965
3939.55488085
3939.94939142
3940.34392135
3940.73847063
3941.13303928
3941.52762729
3941.92223465
3942.31686138
3942.71150747
3943.10617292
3943.50085772
3943.89556189
3944.29028542
3944.68502830
3945.07979055
3945.47457216
3945.86937312
3946.26419345
3946.65903314
3947.05389218
3947.44877059
3947.84366836
3948.23858548
3948.63352197
3949.02847782
3949.42345302
3949.81844759
3950.21346152
3950.60849481
3951.00354745
3951.39861946
3951.79371083
3952.18882155
3952.58395164
3952.97910109
3953.37426989
3953.76945806
3954.16466559
3954.55989247
3954.95513872
3955.35040433
3955.74568930
3956.14099362
3956.53631731
3956.93166036
3957.32702276
3957.72240453
3958.11780566
3958.51322614
3958.90866599
3959.30412520
3959.69960376
3960.09510169
3960.49061898
3960.88615562
3961.28171163
3961.67728700
3962.07288173
3962.46849581
3962.86412926
3963.25978207
3963.65545423
3964.05114576
3964.44685665
3964.84258689
3965.23833650
3965.63410547
3966.02989379
3966.42570148
3966.82152853
3967.21737494
3967.61324070
3968.00912583
3968.40503032
3968.80095416
3969.19689737
3969.59285994
3969.98884186
3970.38484315
3970.78086380
3971.17690380
3971.57296317
3971.96904190
3972.36513998
3972.76125743
3973.15739424
3973.55355041
3973.94972593
3974.34592082
3974.74213507
3975.13836867
3975.53462164
3975.93089397
3976.32718565
3976.72349670
3977.11982711
3977.51617687
3977.91254600
3978.30893449
3978.70534234
3979.10176954
3979.49821611
3979.89468204
3980.29116732
3980.68767197
3981.08419598
3981.48073934
3981.87730207
3982.27388416
3982.67048561
3983.06710641
3983.46374658
3983.86040611
3984.25708499
3984.65378324
3985.05050085
3985.44723781
3985.84399414
3986.24076983
3986.63756487
3987.03437928
3987.43121305
3987.82806618
3988.22493866
3988.62183051
3989.01874172
3989.41567228
3989.81262221
3990.20959150
3990.60658014
3991.00358815
3991.40061552
3991.79766224
3992.19472833
3992.59181378
3992.98891859
3993.38604275
3993.78318628
3994.18034917
3994.57753141
3994.97473302
3995.37195399
3995.76919431
3996.16645400
3996.56373305
3996.96103146
3997.35834922
3997.75568635
3998.15304284
3998.55041868
3998.94781389
3999.34522846
3999.74266238
4000.14011567
4000.53758832
4000.93508033
4001.33259169
4001.73012242
4002.12767251
4002.52524195
4002.92283076
4003.32043893
4003.71806645
4004.11571334
4004.51337959
4004.91106519
4005.30877016
4005.70649449
4006.10423818
4006.50200122
4006.89978363
4007.29758540
4007.69540652
4008.09324701
4008.49110686
4008.88898606
4009.28688463
4009.68480256
4010.08273985
4010.48069649
4010.87867250
4011.27666787
4011.67468259
4012.07271668
4012.47077013
4012.86884293
4013.26693510
4013.66504663
4014.06317752
4014.46132776
4014.85949737
4015.25768634
4015.65589466
4016.05412235
4016.45236940
4016.85063580
4017.24892157
4017.64722670
4018.04555119
4018.44389503
4018.84225824
4019.24064081
4019.63904273
4020.03746402
4020.43590467
4020.83436468
4021.23284404
4021.63134277
4022.02986086
4022.42839830
4022.82695511
4023.22553128
4023.62412680
4024.02274169
4024.42137594
4024.82002955
4025.21870251
4025.61739484
4026.01610653
4026.41483757
4026.81358798
4027.21235775
4027.61114687
4028.00995536
4028.40878321
4028.80763042
4029.20649698
4029.60538291
4030.00428820
4030.40321284
4030.80215685
4031.20112022
4031.60010294
4031.99910503
4032.39812648
4032.79716729
4033.19622745
4033.59530698
4033.99440587
4034.39352411
4034.79266172
4035.19181869
4035.59099502
4035.99019070
4036.38940575
4036.78864016
4037.18789392
4037.58716705
4037.98645954
4038.38577138
4038.78510259
4039.18445316
4039.58382309
4039.98321237
4040.38262102
4040.78204903
4041.18149639
4041.58096312
4041.98044921
4042.37995466
4042.77947946
4043.17902363
4043.57858716
4043.97817004
4044.37777229
4044.77739390
4045.17703486
4045.57669519
4045.97637488
4046.37607393
4046.77579233
4047.17553010
4047.57528723
4047.97506371
4048.37485956
4048.77467477
4049.17450934
4049.57436326
4049.97423655
4050.37412920
4050.77404120
4051.17397257
4051.57392330
4051.97389338
4052.37388283
4052.77389164
4053.17391981
4053.57396733
4053.97403422
4054.37412047
4054.77422607
4055.17435104
4055.57449537
4055.97465906
4056.37484210
4056.77504451
4057.17526628
4057.57550740
4057.97576789
4058.37604774
4058.77634695
4059.17666551
4059.57700344
4059.97736073
4060.37773737
4060.77813338
4061.17854875
4061.57898348
4061.97943756
4062.37991101
4062.78040382
4063.18091598
4063.58144751
4063.98199840
4064.38256864
4064.78315825
4065.18376722
4065.58439555
