2781.35501128
2781.74524822
2782.13548474
2782.52572083
2782.91595650
2783.30619174
2783.69642656
2784.08666096
2784.47689493
2784.86712848
2785.25736161
2785.64759431
2786.03782658
2786.42805844
2786.81828987
2787.20852087
2787.59875145
2787.98898161
2788.37921134
2788.76944065
2789.15966954
2789.54989800
2789.94012603
2790.33035365
2790.72058084
2791.11080760
2791.50103394
2791.89125986
2792.28148535
2792.67171042
2793.06193506
2793.45215929
2793.84238308
2794.23260646
2794.62282940
2795.01305193
2795.40327403
2795.79349571
2796.18371696
2796.57393779
2796.96415819
2797.35437817
2797.74459773
2798.13481686
2798.52503557
2798.91525386
2799.30547172
2799.69568916
2800.08590617
2800.47612276
2800.86633892
2801.25655466
2801.64676998
2802.03698487
2802.42719934
2802.81741339
2803.20762701
2803.59784020
2803.98805298
2804.37826533
2804.76847725
2805.15868875
2805.54889983
2805.93911048
2806.32932071
2806.71953052
2807.10973990
2807.49994885
2807.89015739
2808.28036549
2808.67057318
2809.06078044
2809.45098728
2809.84119369
2810.23139968
2810.62160524
2811.01181039
2811.40201510
2811.79221939
2812.18242326
2812.57262671
2812.96282973
2813.35303233
2813.74323450
2814.13343625
2814.52363757
2814.91383847
2815.30403895
2815.69423900
2816.08443863
2816.47463784
2816.86483662
2817.25503498
2817.64523291
2818.03543042
2818.42562750
2818.81582416
2819.20602040
2819.59621621
2819.98641160
2820.37660657
2820.76680111
2821.15699522
2821.54718892
2821.93738219
2822.32757503
2822.71776745
2823.10795945
2823.49815102
2823.88834217
2824.27853289
2824.66872320
2825.05891307
2825.44910253
2825.83929155
2826.22948016
2826.61966834
2827.00985610
2827.40004343
2827.79023034
2828.18041682
2828.57060288
2828.96078852
2829.35097373
2829.74115852
2830.13134289
2830.52152683
2830.91171035
2831.30189344
2831.69207611
2832.08225835
2832.47244017
2832.86262157
2833.25280254
2833.64298309
2834.03316322
2834.42334292
2834.81352219
2835.20370105
2835.59387948
2835.98405748
2836.37423506
2836.76441222
2837.15458895
2837.54476526
2837.93494115
2838.32511661
2838.71529164
2839.10546626
2839.49564045
2839.88581421
2840.27598755
2840.66616047
2841.05633296
2841.44650503
2841.83667667
2842.22684790
2842.61701869
2843.00718907
2843.39735901
2843.78752854
2844.17769764
2844.56786632
2844.95803457
2845.34820240
2845.73836980
2846.12853678
2846.51870334
2846.90886947
2847.29903518
2847.68920047
2848.07936533
2848.46952977
2848.85969378
2849.24985737
2849.64002053
2850.03018327
2850.42034559
2850.81050748
2851.20066895
2851.59083000
2851.98099062
2852.37115081
2852.76131059
2853.15146994
2853.54162886
2853.93178736
2854.32194544
2854.71210309
2855.10226032
2855.49241713
2855.88257351
2856.27272946
2856.66288500
2857.05304010
2857.44319479
2857.83334905
2858.22350289
2858.61365630
2859.00380929
2859.39396185
2859.78411399
2860.17426571
2860.56441700
2860.95456787
2861.34471832
2861.73486834
2862.12501794
2862.51516711
2862.90531586
2863.29546418
2863.68561208
2864.07575956
2864.46590661
2864.85605324
2865.24619945
2865.63634523
2866.02649058
2866.41663552
2866.80678003
2867.19692411
2867.58706777
2867.97721101
2868.36735382
2868.75749621
2869.14763818
2869.53777972
2869.92792083
2870.31806153
2870.70820180
2871.09834164
2871.48848106
2871.87862006
2872.26875863
2872.65889678
2873.04903450
2873.43917181
2873.82930868
2874.21944514
2874.60958116
2874.99971677
2875.38985195
2875.77998671
2876.17012104
2876.56025495
2876.95038843
2877.34052149
2877.73065413
2878.12078634
2878.51091813
2878.90104950
2879.29118044
2879.68131096
2880.07144105
2880.46157072
2880.85169996
2881.24182878
2881.63195718
2882.02208515
2882.41221270
2882.80233983
2883.19246653
2883.58259280
2883.97271866
2884.36284409
2884.75296909
2885.14309367
2885.53321783
2885.92334156
2886.31346487
2886.70358776
2887.09371022
2887.48383225
2887.87395387
2888.26407505
2888.65419582
2889.04431616
2889.43443608
2889.82455557
2890.21467464
2890.60479328
2890.99491151
2891.38502930
2891.77514667
2892.16526362
2892.55538015
2892.94549625
2893.33561193
2893.72572718
2894.11584201
2894.50595641
2894.89607039
2895.28618395
2895.67629708
2896.06640979
2896.45652208
2896.84663394
2897.23674538
2897.62685639
2898.01696698
2898.40707714
2898.79718688
2899.18729620
2899.57740509
2899.96751356
2900.35762161
2900.74772923
2901.13783642
2901.52794320
2901.91804955
2902.30815547
2902.69826097
2903.08836605
2903.47847070
2903.86857493
2904.25867873
2904.64878212
2905.03888507
2905.42898761
2905.81908971
2906.20919140
2906.59929266
2906.98939350
2907.37949391
2907.76959390
2908.15969346
2908.54979260
2908.93989132
2909.32998961
2909.72008748
2910.11018493
2910.50028195
2910.89037855
2911.28047472
2911.67057047
2912.06066579
2912.45076069
2912.84085517
2913.23094922
2913.62104285
2914.01113606
2914.40122884
2914.79132119
2915.18141313
2915.57150464
2915.96159572
2916.35168638
2916.74177662
2917.13186643
2917.52195582
2917.91204479
2918.30213333
2918.69222144
2919.08230914
2919.47239641
2919.86248325
2920.25256967
2920.64265567
2921.03274124
2921.42282639
2921.81291111
2922.20299542
2922.59307929
2922.98316274
2923.37324577
2923.76332838
2924.15341056
2924.54349232
2924.93357365
2925.32365456
2925.71373504
2926.10381510
2926.49389474
2926.88397395
2927.27405274
2927.66413111
2928.05420905
2928.44428657
2928.83436366
2929.22444033
2929.61451657
2930.00459239
2930.39466779
2930.78474276
2931.17481731
2931.56489144
2931.95496514
2932.34503841
2932.73511127
2933.12518370
2933.51525570
2933.90532728
2934.29539844
2934.68546917
2935.07553948
2935.46560937
2935.85567883
2936.24574786
2936.63581648
2937.02588466
2937.41595243
2937.80601977
2938.19608669
2938.58615318
2938.97621925
2939.36628489
2939.75635011
2940.14641491
2940.53647928
2940.92654323
2941.31660676
2941.70666986
2942.09673254
2942.48679479
2942.87685662
2943.26691802
2943.65697900
2944.04703956
2944.43709969
2944.82715940
2945.21721869
2945.60727755
2945.99733598
2946.38739400
2946.77745159
2947.16750875
2947.55756549
2947.94762181
2948.33767770
2948.72773317
2949.11778822
2949.50784284
2949.89789703
2950.28795081
2950.67800416
2951.06805708
2951.45810958
2951.84816166
2952.23821331
2952.62826454
2953.01831534
2953.40836573
2953.79841568
2954.18846522
2954.57851432
2954.96856301
2955.35861127
2955.74865911
2956.13870652
2956.52875351
2956.91880007
2957.30884621
2957.69889193
2958.08893722
2958.47898209
2958.86902654
2959.25907056
2959.64911416
2960.03915733
2960.42920008
2960.81924240
2961.20928430
2961.59932578
2961.98936683
2962.37940746
2962.76944767
2963.15948745
2963.54952680
2963.93956574
2964.32960425
2964.71964233
2965.10967999
2965.49971723
2965.88975404
2966.27979043
2966.66982640
2967.05986194
2967.44989705
2967.83993175
2968.22996601
2968.61999986
2969.01003328
2969.40006628
2969.79009885
2970.18013100
2970.57016272
2970.96019402
2971.35022490
2971.74025535
2972.13028538
2972.52031499
2972.91034417
2973.30037293
2973.69040126
2974.08042917
2974.47045665
2974.86048371
2975.25051035
2975.64053656
2976.03056235
2976.42058772
2976.81061266
2977.20063717
2977.59066127
2977.98068494
2978.37070818
2978.76073100
2979.15075340
2979.54077537
2979.93079692
2980.32081805
2980.71083875
2981.10085902
2981.49087888
2981.88089831
2982.27091731
2982.66093589
2983.05095405
2983.44097178
2983.83098909
2984.22100597
2984.61102244
2985.00103847
2985.39105409
2985.78106927
2986.17108404
2986.56109838
2986.95111230
2987.34112579
2987.73113886
2988.12115150
2988.51116372
2988.90117552
2989.29118689
2989.68119784
2990.07120837
2990.46121847
2990.85122815
2991.24123740
2991.63124623
2992.02125463
2992.41126261
2992.80127017
2993.19127730
2993.58128401
2993.97129030
2994.36129616
2994.75130159
2995.14130661
2995.53131120
2995.92131536
2996.31131910
2996.70132242
2997.09132531
2997.48132778
2997.87132983
2998.26133145
2998.65133264
2999.04133342
2999.43133376
2999.82133369
3000.21133319
3000.60133227
3000.99133092
3001.38132915
3001.77132695
3002.16132433
3002.55132129
3002.94131782
3003.33131393
3003.72130962
3004.11130488
3004.50129972
3004.89129413
3005.28128812
3005.67128168
3006.06127482
3006.45126754
3006.84125983
3007.23125170
3007.62124315
3008.01123417
3008.40122476
3008.79121494
3009.18120469
3009.57119401
3009.96118291
3010.35117139
3010.74115944
3011.13114707
3011.52113428
3011.91112106
3012.30110741
3012.69109335
3013.08107886
3013.47106394
3013.86104860
3014.25103284
3014.64101665
3015.03100004
3015.42098300
3015.81096555
3016.20094766
3016.59092936
3016.98091062
3017.37089147
3017.76087189
3018.15085189
3018.54083146
3018.93081061
3019.32078933
3019.71076763
3020.10074551
3020.49072296
3020.88069999
3021.27067660
3021.66065278
3022.05062854
3022.44060387
3022.83057878
3023.22055326
3023.61052732
3024.00050096
3024.39047417
3024.78044696
3025.17041933
3025.56039127
3025.95036278
3026.34033388
3026.73030455
3027.12027479
3027.51024461
3027.90021401
3028.29018298
3028.68015153
3029.07011966
3029.46008736
3029.85005463
3030.24002149
3030.62998791
3031.01995392
3031.40991950
3031.79988466
3032.18984939
3032.57981370
3032.96977758
3033.35974104
3033.74970408
3034.13966669
3034.52962888
3034.91959065
3035.30955199
3035.69951291
3036.08947340
3036.47943347
3036.86939311
3037.25935233
3037.64931113
3038.03926950
3038.42922745
3038.81918498
3039.20914208
3039.59909875
3039.98905501
3040.37901084
3040.76896624
3041.15892122
3041.54887578
3041.93882991
3042.32878362
3042.71873691
3043.10868977
3043.49864220
3043.88859422
3044.27854581
3044.66849697
3045.05844771
3045.44839803
3045.83834792
3046.22829739
3046.61824643
3047.00819506
3047.39814325
3047.78809103
3048.17803837
3048.56798530
3048.95793180
3049.34787788
3049.73782353
3050.12776876
3050.51771356
3050.90765794
3051.29760190
3051.68754543
3052.07748854
3052.46743123
3052.85737349
3053.24731533
3053.63725674
3054.02719773
3054.41713829
3054.80707843
3055.19701815
3055.58695744
3055.97689631
3056.36683476
3056.75677278
3057.14671037
3057.53664755
3057.92658430
3058.31652062
3058.70645652
3059.09639200
3059.48632705
3059.87626168
3060.26619589
3060.65612967
3061.04606302
3061.43599596
3061.82592846
3062.21586055
3062.60579221
3062.99572345
3063.38565426
3063.77558465
3064.16551461
3064.55544415
3064.94537327
3065.33530196
3065.72523023
3066.11515808
3066.50508550
3066.89501250
3067.28493907
3067.67486522
3068.06479094
3068.45471624
3068.84464112
3069.23456557
3069.62448960
3070.01441321
3070.40433639
3070.79425914
3071.18418148
3071.57410339
3071.96402487
3072.35394593
3072.74386657
3073.13378678
3073.52370657
3073.91362594
3074.30354488
3074.69346339
3075.08338149
3075.47329916
3075.86321640
3076.25313322
3076.64304962
3077.03296559
3077.42288114
3077.81279626
3078.20271097
3078.59262524
3078.98253910
3079.37245252
3079.76236553
3080.15227811
3080.54219027
3080.93210200
3081.32201331
3081.71192419
3082.10183465
3082.49174469
3082.88165430
3083.27156349
3083.66147226
3084.05138060
3084.44128852
3084.83119601
3085.22110308
3085.61100972
3086.00091594
3086.39082174
3086.78072711
3087.17063206
3087.56053659
3087.95044069
3088.34034436
3088.73024762
3089.12015045
3089.51005285
3089.89995483
3090.28985639
3090.67975752
3091.06965823
3091.45955852
3091.84945838
3092.23935781
3092.62925683
3093.01915541
3093.40905358
3093.79895132
3094.18884864
3094.57874553
3094.96864200
3095.35853804
3095.74843366
3096.13832886
3096.52822363
3096.91811798
3097.30801191
3097.69790541
3098.08779849
3098.47769114
3098.86758337
3099.25747517
3099.64736655
3100.03725751
3100.42714804
3100.81703815
3101.20692784
3101.59681710
3101.98670593
3102.37659435
3102.76648234
3103.15636990
3103.54625704
3103.93614376
3104.32603005
3104.71591592
3105.10580137
3105.49568639
3105.88557098
3106.27545516
3106.66533891
3107.05522223
3107.44510513
3107.83498761
3108.22486966
3108.61475129
3109.00463249
3109.39451328
3109.78439363
3110.17427357
3110.56415307
3110.95403216
3111.34391082
3111.73378906
3112.12366687
3112.51354426
3112.90342122
3113.29329776
3113.68317388
3114.07304957
3114.46292484
3114.85279969
3115.24267411
3115.63254811
3116.02242168
3116.41229483
3116.80216755
3117.19203985
3117.58191173
3117.97178318
3118.36165421
3118.75152482
3119.14139500
3119.53126475
3119.92113409
3120.31100300
3120.70087148
3121.09073954
3121.48060718
3121.87047439
3122.26034118
3122.65020754
3123.04007349
3123.42993900
3123.81980410
3124.20966876
3124.59953301
3124.98939683
3125.37926023
3125.76912320
3126.15898575
3126.54884787
3126.93870957
3127.32857085
3127.71843170
3128.10829213
3128.49815214
3128.88801172
3129.27787088
3129.66772961
3130.05758792
3130.44744580
3130.83730326
3131.22716030
3131.61701691
3132.00687310
3132.39672887
3132.78658421
3133.17643912
3133.56629362
3133.95614769
3134.34600133
3134.73585455
3135.12570735
3135.51555972
3135.90541167
3136.29526320
3136.68511430
3137.07496497
3137.46481523
3137.85466506
3138.24451446
3138.63436344
3139.02421200
3139.41406013
3139.80390784
3140.19375512
3140.58360199
3140.97344842
3141.36329443
3141.75314002
3142.14298519
3142.53282993
3142.92267425
3143.31251814
3143.70236161
3144.09220465
3144.48204727
3144.87188947
3145.26173124
3145.65157259
3146.04141352
3146.43125402
3146.82109410
3147.21093375
3147.60077298
3147.99061178
3148.38045016
3148.77028812
3149.16012565
3149.54996276
3149.93979945
3150.32963571
3150.71947154
3151.10930696
3151.49914195
3151.88897651
3152.27881065
3152.66864437
3153.05847766
3153.44831053
3153.83814297
3154.22797500
3154.61780659
3155.00763777
3155.39746851
3155.78729884
3156.17712874
3156.56695822
3156.95678727
3157.34661590
3157.73644410
3158.12627188
3158.51609924
3158.90592617
3159.29575268
3159.68557877
3160.07540443
3160.46522967
3160.85505448
3161.24487887
3161.63470283
3162.02452637
3162.41434949
3162.80417218
3163.19399445
3163.58381630
3163.97363772
3164.36345871
3164.75327929
3165.14309944
3165.53291916
3165.92273846
3166.31255734
3166.70237579
3167.09219382
3167.48201143
3167.87182861
3168.26164536
3168.65146170
3169.04127760
3169.43109309
3169.82090815
3170.21072279
3170.60053700
3170.99035079
3171.38016415
3171.76997709
3172.15978961
3172.54960170
3172.93941337
3173.32922462
3173.71903544
3174.10884584
3174.49865581
3174.88846536
3175.27827448
3175.66808318
3176.05789146
3176.44769931
3176.83750674
3177.22731375
3177.61712033
3178.00692648
3178.39673222
3178.78653753
3179.17634241
3179.56614687
3179.95595091
3180.34575452
3180.73555771
3181.12536048
3181.51516282
3181.90496473
3182.29476623
3182.68456730
3183.07436794
3183.46416816
3183.85396796
3184.24376733
3184.63356628
3185.02336480
3185.41316291
3185.80296058
3186.19275784
3186.58255466
3186.97235107
3187.36214705
3187.75194261
3188.14173774
3188.53153245
3188.92132673
3189.31112059
3189.70091403
3190.09070704
3190.48049963
3190.87029180
3191.26008354
3191.64987486
3192.03966575
3192.42945622
3192.81924626
3193.20903588
3193.59882508
3193.98861385
3194.37840220
3194.76819013
3195.15797763
3195.54776470
3195.93755136
3196.32733759
3196.71712339
3197.10690877
3197.49669373
3197.88647826
3198.27626237
3198.66604606
3199.05582932
3199.44561215
3199.83539457
3200.22517655
3200.61495812
3201.00473926
3201.39451998
3201.78430027
3202.17408014
3202.56385958
3202.95363860
3203.34341720
3203.73319537
3204.12297312
3204.51275045
3204.90252735
3205.29230383
3205.68207988
3206.07185551
3206.46163071
3206.85140549
3207.24117985
3207.63095378
3208.02072729
3208.41050038
3208.80027304
3209.19004527
3209.57981709
3209.96958848
3210.35935944
3210.74912998
3211.13890010
3211.52866979
3211.91843906
3212.30820791
3212.69797633
3213.08774432
3213.47751190
3213.86727905
3214.25704577
3214.64681207
3215.03657795
3215.42634340
3215.81610843
3216.20587303
3216.59563722
3216.98540097
3217.37516431
3217.76492721
3218.15468970
3218.54445176
3218.93421340
3219.32397461
3219.71373540
3220.10349576
3220.49325570
3220.88301522
3221.27277431
3221.66253298
3222.05229123
3222.44204905
3222.83180645
3223.22156342
3223.61131997
3224.00107609
3224.39083179
3224.78058707
3225.17034192
3225.56009635
3225.94985036
3226.33960394
3226.72935709
3227.11910983
3227.50886214
3227.89861402
3228.28836548
3228.67811652
3229.06786713
3229.45761732
3229.84736708
3230.23711643
3230.62686534
3231.01661384
3231.40636190
3231.79610955
3232.18585677
3232.57560357
3232.96534994
3233.35509589
3233.74484141
3234.13458651
3234.52433119
3234.91407544
3235.30381927
3235.69356268
3236.08330566
3236.47304822
3236.86279035
3237.25253206
3237.64227334
3238.03201420
3238.42175464
3238.81149465
3239.20123424
3239.59097341
3239.98071215
3240.37045046
3240.76018836
3241.14992583
3241.53966287
3241.92939949
3242.31913569
3242.70887146
3243.09860681
3243.48834174
3243.87807624
3244.26781031
3244.65754397
3245.04727719
3245.43701000
3245.82674238
3246.21647434
3246.60620587
3246.99593698
3247.38566766
3247.77539792
3248.16512776
3248.55485717
3248.94458616
3249.33431473
3249.72404287
3250.11377059
3250.50349788
3250.89322475
3251.28295119
3251.67267721
3252.06240281
3252.45212798
3252.84185273
3253.23157706
3253.62130096
3254.01102443
3254.40074749
3254.79047012
3255.18019232
3255.56991410
3255.95963546
3256.34935639
3256.73907690
3257.12879699
3257.51851665
3257.90823588
3258.29795470
