1959.16837947
1959.36231695
1959.55625438
1959.75019178
1959.94412913
1960.13806644
1960.33200370
1960.52594093
1960.71987812
1960.91381526
1961.10775236
1961.30168943
1961.49562644
1961.68956342
1961.88350036
1962.07743726
1962.27137411
1962.46531092
1962.65924769
1962.85318442
1963.04712111
1963.24105776
1963.43499437
1963.62893093
1963.82286745
1964.01680394
1964.21074038
1964.40467677
1964.59861313
1964.79254945
1964.98648572
1965.18042196
1965.37435815
1965.56829430
1965.76223041
1965.95616647
1966.15010250
1966.34403849
1966.53797443
1966.73191033
1966.92584619
1967.11978201
1967.31371779
1967.50765353
1967.70158922
1967.89552487
1968.08946049
1968.28339606
1968.47733159
1968.67126707
1968.86520252
1969.05913793
1969.25307329
1969.44700861
1969.64094389
1969.83487913
1970.02881433
1970.22274949
1970.41668460
1970.61061968
1970.80455471
1970.99848970
1971.19242465
1971.38635956
1971.58029443
1971.77422925
1971.96816404
1972.16209878
1972.35603348
1972.54996814
1972.74390276
1972.93783734
1973.13177187
1973.32570637
1973.51964082
1973.71357523
1973.90750960
1974.10144393
1974.29537822
1974.48931246
1974.68324667
1974.87718083
1975.07111495
1975.26504903
1975.45898307
1975.65291707
1975.84685103
1976.04078494
1976.23471882
1976.42865265
1976.62258644
1976.81652019
1977.01045390
1977.20438756
1977.39832119
1977.59225477
1977.78618831
1977.98012181
1978.17405527
1978.36798869
1978.56192207
1978.75585540
1978.94978870
1979.14372195
1979.33765516
1979.53158833
1979.72552146
1979.91945454
1980.11338759
1980.30732059
1980.50125356
1980.69518648
1980.88911936
1981.08305220
1981.27698499
1981.47091775
1981.66485046
1981.85878314
1982.05271577
1982.24664836
1982.44058091
1982.63451341
1982.82844588
1983.02237830
1983.21631069
1983.41024303
1983.60417533
1983.79810759
1983.99203980
1984.18597198
1984.37990412
1984.57383621
1984.76776826
1984.96170027
1985.15563224
1985.34956417
1985.54349605
1985.73742790
1985.93135970
1986.12529146
1986.31922318
1986.51315486
1986.70708650
1986.90101810
1987.09494965
1987.28888117
1987.48281264
1987.67674407
1987.87067546
1988.06460681
1988.25853811
1988.45246938
1988.64640060
1988.84033179
1989.03426293
1989.22819403
1989.42212508
1989.61605610
1989.80998708
1990.00391801
1990.19784890
1990.39177975
1990.58571056
1990.77964133
1990.97357206
1991.16750275
1991.36143339
1991.55536399
1991.74929455
1991.94322507
1992.13715555
1992.33108599
1992.52501639
1992.71894674
1992.91287705
1993.10680732
1993.30073755
1993.49466774
1993.68859789
1993.88252800
1994.07645806
1994.27038808
1994.46431807
1994.65824801
1994.85217791
1995.04610776
1995.24003758
1995.43396735
1995.62789709
1995.82182678
1996.01575643
1996.20968604
1996.40361561
1996.59754513
1996.79147462
1996.98540406
1997.17933347
1997.37326283
1997.56719215
1997.76112142
1997.95505066
1998.14897986
1998.34290901
1998.53683812
1998.73076719
1998.92469622
1999.11862521
1999.31255416
1999.50648306
1999.70041193
1999.89434075
2000.08826953
2000.28219827
2000.47612697
2000.67005563
2000.86398424
2001.05791282
2001.25184135
2001.44576984
2001.63969829
2001.83362670
2002.02755507
2002.22148339
2002.41541168
2002.60933992
2002.80326812
2002.99719628
2003.19112440
2003.38505248
2003.57898051
2003.77290851
2003.96683646
2004.16076437
2004.35469224
2004.54862007
2004.74254786
2004.93647561
2005.13040331
2005.32433097
2005.51825860
2005.71218618
2005.90611372
2006.10004121
2006.29396867
2006.48789609
2006.68182346
2006.87575079
2007.06967808
2007.26360533
2007.45753254
2007.65145971
2007.84538683
2008.03931392
2008.23324096
2008.42716796
2008.62109492
2008.81502184
2009.00894871
2009.20287555
2009.39680234
2009.59072910
2009.78465581
2009.97858248
2010.17250911
2010.36643569
2010.56036224
2010.75428874
2010.94821521
2011.14214163
2011.33606801
2011.52999435
2011.72392064
2011.91784690
2012.11177311
2012.30569929
2012.49962542
2012.69355151
2012.88747756
2013.08140356
2013.27532953
2013.46925545
2013.66318134
2013.85710718
2014.05103298
2014.24495874
2014.43888446
2014.63281013
2014.82673577
2015.02066136
2015.21458691
2015.40851242
2015.60243789
2015.79636332
2015.99028871
2016.18421405
2016.37813936
2016.57206462
2016.76598984
2016.95991502
2017.15384016
2017.34776525
2017.54169031
2017.73561532
2017.92954029
2018.12346523
2018.31739012
2018.51131496
2018.70523977
2018.89916454
2019.09308926
2019.28701394
2019.48093858
2019.67486318
2019.86878774
2020.06271226
2020.25663673
2020.45056117
2020.64448556
2020.83840991
2021.03233422
2021.22625849
2021.42018272
2021.61410690
2021.80803105
2022.00195515
2022.19587921
2022.38980323
2022.58372721
2022.77765115
2022.97157505
2023.16549890
2023.35942271
2023.55334649
2023.74727022
2023.94119391
2024.13511755
2024.32904116
2024.52296472
2024.71688825
2024.91081173
2025.10473517
2025.29865857
2025.49258193
2025.68650524
2025.88042852
2026.07435175
2026.26827494
2026.46219810
2026.65612120
2026.85004427
2027.04396730
2027.23789028
2027.43181323
2027.62573613
2027.81965899
2028.01358181
2028.20750459
2028.40142733
2028.59535002
2028.78927268
2028.98319529
2029.17711786
2029.37104039
2029.56496288
2029.75888533
2029.95280773
2030.14673009
2030.34065242
2030.53457470
2030.72849694
2030.92241914
2031.11634130
2031.31026341
2031.50418549
2031.69810752
2031.89202951
2032.08595146
2032.27987337
2032.47379524
2032.66771706
2032.86163885
2033.05556059
2033.24948229
2033.44340395
2033.63732557
2033.83124715
2034.02516869
2034.21909018
2034.41301163
2034.60693305
2034.80085442
2034.99477575
2035.18869703
2035.38261828
2035.57653948
2035.77046065
2035.96438177
2036.15830285
2036.35222389
2036.54614489
2036.74006585
2036.93398676
2037.12790763
2037.32182847
2037.51574926
2037.70967001
2037.90359072
2038.09751138
2038.29143201
2038.48535259
2038.67927313
2038.87319364
2039.06711410
2039.26103451
2039.45495489
2039.64887523
2039.84279552
2040.03671577
2040.23063599
2040.42455616
2040.61847628
2040.81239637
2041.00631642
2041.20023642
2041.39415638
2041.58807631
2041.78199619
2041.97591603
2042.16983582
2042.36375558
2042.55767529
2042.75159497
2042.94551460
2043.13943419
2043.33335374
2043.52727325
2043.72119271
2043.91511214
2044.10903152
2044.30295086
2044.49687016
2044.69078942
2044.88470864
2045.07862782
2045.27254695
2045.46646604
2045.66038510
2045.85430411
2046.04822308
2046.24214201
2046.43606089
2046.62997974
2046.82389854
2047.01781730
2047.21173602
2047.40565470
2047.59957334
2047.79349194
2047.98741049
2048.18132901
2048.37524748
2048.56916591
2048.76308430
2048.95700265
2049.15092096
2049.34483922
2049.53875745
2049.73267563
2049.92659377
2050.12051187
2050.31442993
2050.50834795
2050.70226592
2050.89618386
2051.09010175
2051.28401960
2051.47793741
2051.67185518
2051.86577291
2052.05969060
2052.25360824
2052.44752584
2052.64144340
2052.83536093
2053.02927840
2053.22319584
2053.41711324
2053.61103059
2053.80494791
2053.99886518
2054.19278241
2054.38669960
2054.58061675
2054.77453385
2054.96845092
2055.16236794
2055.35628492
2055.55020186
2055.74411876
2055.93803562
2056.13195244
2056.32586921
2056.51978595
2056.71370264
2056.90761929
2057.10153590
2057.29545247
2057.48936900
2057.68328548
2057.87720193
2058.07111833
2058.26503469
2058.45895101
2058.65286729
2058.84678352
2059.04069972
2059.23461587
2059.42853199
2059.62244806
2059.81636409
2060.01028008
2060.20419602
2060.39811193
2060.59202779
2060.78594362
2060.97985940
2061.17377514
2061.36769084
2061.56160650
2061.75552211
2061.94943769
2062.14335322
2062.33726871
2062.53118416
2062.72509957
2062.91901494
2063.11293026
2063.30684555
2063.50076079
2063.69467599
2063.88859116
2064.08250627
2064.27642135
2064.47033639
2064.66425138
2064.85816634
2065.05208125
2065.24599612
2065.43991095
2065.63382574
2065.82774048
2066.02165519
2066.21556985
2066.40948448
2066.60339906
2066.79731360
2066.99122810
2067.18514255
2067.37905697
2067.57297134
2067.76688567
2067.96079997
2068.15471422
2068.34862842
2068.54254259
2068.73645672
2068.93037080
2069.12428484
2069.31819884
2069.51211280
2069.70602672
2069.89994060
2070.09385444
2070.28776823
2070.48168198
2070.67559570
2070.86950937
2071.06342299
2071.25733658
2071.45125013
2071.64516363
2071.83907710
2072.03299052
2072.22690390
2072.42081724
2072.61473053
2072.80864379
2073.00255701
2073.19647018
2073.39038331
2073.58429640
2073.77820945
2073.97212246
2074.16603543
2074.35994835
2074.55386123
2074.74777408
2074.94168688
2075.13559964
2075.32951235
2075.52342503
2075.71733767
2075.91125026
2076.10516281
2076.29907532
2076.49298779
2076.68690022
2076.88081261
2077.07472495
2077.26863726
2077.46254952
2077.65646174
2077.85037392
2078.04428606
2078.23819816
2078.43211021
2078.62602223
2078.81993420
2079.01384613
2079.20775802
2079.40166987
2079.59558168
2079.78949344
2079.98340517
2080.17731685
2080.37122849
2080.56514009
2080.75905165
2080.95296317
2081.14687464
2081.34078608
2081.53469747
2081.72860882
2081.92252013
2082.11643140
2082.31034263
2082.50425382
2082.69816496
2082.89207607
2083.08598713
2083.27989815
2083.47380913
2083.66772007
2083.86163096
2084.05554182
2084.24945263
2084.44336340
2084.63727413
2084.83118482
2085.02509547
2085.21900608
2085.41291664
2085.60682717
2085.80073765
2085.99464809
2086.18855849
2086.38246885
2086.57637916
2086.77028944
2086.96419967
2087.15810987
2087.35202002
2087.54593013
2087.73984020
2087.93375022
2088.12766021
2088.32157015
2088.51548006
2088.70938992
2088.90329974
2089.09720952
2089.29111925
2089.48502895
2089.67893860
2089.87284822
2090.06675779
2090.26066732
2090.45457681
2090.64848625
2090.84239566
2091.03630503
2091.23021435
2091.42412363
2091.61803287
2091.81194207
2092.00585123
2092.19976034
2092.39366942
2092.58757845
2092.78148744
2092.97539639
2093.16930530
2093.36321417
2093.55712300
2093.75103178
2093.94494053
2094.13884923
2094.33275789
2094.52666651
2094.72057509
2094.91448362
2095.10839212
2095.30230057
2095.49620899
2095.69011736
2095.88402569
2096.07793397
2096.27184222
2096.46575043
2096.65965859
2096.85356671
2097.04747479
2097.24138283
2097.43529083
2097.62919879
2097.82310671
2098.01701458
2098.21092241
2098.40483020
2098.59873795
2098.79264566
2098.98655333
2099.18046096
2099.37436854
2099.56827608
2099.76218358
2099.95609104
2100.14999846
2100.34390584
2100.53781318
2100.73172047
2100.92562773
2101.11953494
2101.31344211
2101.50734924
2101.70125632
2101.89516337
2102.08907038
2102.28297734
2102.47688426
2102.67079114
2102.86469798
2103.05860478
2103.25251153
2103.44641825
2103.64032492
2103.83423156
2104.02813815
2104.22204470
2104.41595120
2104.60985767
2104.80376410
2104.99767048
2105.19157682
2105.38548312
2105.57938938
2105.77329560
2105.96720178
2106.16110791
2106.35501401
2106.54892006
2106.74282607
2106.93673204
2107.13063797
2107.32454386
2107.51844970
2107.71235551
2107.90626127
2108.10016699
2108.29407267
2108.48797831
2108.68188391
2108.87578946
2109.06969498
2109.26360045
2109.45750588
2109.65141127
2109.84531662
2110.03922193
2110.23312719
2110.42703242
2110.62093760
2110.81484274
2111.00874784
2111.20265290
2111.39655792
2111.59046290
2111.78436783
2111.97827272
2112.17217758
2112.36608239
2112.55998716
2112.75389188
2112.94779657
2113.14170122
2113.33560582
2113.52951038
2113.72341490
2113.91731938
2114.11122382
2114.30512822
2114.49903257
2114.69293689
2114.88684116
2115.08074539
2115.27464958
2115.46855373
2115.66245783
2115.85636190
2116.05026592
2116.24416991
2116.43807385
2116.63197775
2116.82588161
2117.01978542
2117.21368920
2117.40759293
2117.60149663
2117.79540028
2117.98930389
2118.18320746
2118.37711098
2118.57101447
2118.76491791
2118.95882132
2119.15272468
2119.34662800
2119.54053128
2119.73443451
2119.92833771
2120.12224086
2120.31614398
2120.51004705
2120.70395008
2120.89785307
2121.09175602
2121.28565892
2121.47956179
2121.67346461
2121.86736739
2122.06127013
2122.25517283
2122.44907549
2122.64297811
2122.83688068
2123.03078322
2123.22468571
2123.41858816
2123.61249057
2123.80639294
2124.00029526
2124.19419755
2124.38809979
2124.58200199
2124.77590416
2124.96980628
2125.16370835
2125.35761039
2125.55151239
2125.74541434
2125.93931625
2126.13321812
2126.32711995
2126.52102174
2126.71492349
2126.90882519
2127.10272686
2127.29662848
2127.49053006
2127.68443160
2127.87833310
2128.07223456
2128.26613597
2128.46003735
2128.65393868
2128.84783997
2129.04174122
2129.23564243
2129.42954360
2129.62344473
2129.81734581
2130.01124685
2130.20514786
2130.39904882
2130.59294974
2130.78685061
2130.98075145
2131.17465224
2131.36855300
2131.56245371
2131.75635438
2131.95025501
2132.14415560
2132.33805614
2132.53195665
2132.72585711
2132.91975753
2133.11365792
2133.30755825
2133.50145855
2133.69535881
2133.88925902
2134.08315920
2134.27705933
2134.47095942
2134.66485947
2134.85875948
2135.05265945
2135.24655937
2135.44045926
2135.63435910
2135.82825890
2136.02215866
2136.21605838
2136.40995806
2136.60385769
2136.79775729
2136.99165684
2137.18555635
2137.37945582
2137.57335525
2137.76725464
2137.96115398
2138.15505329
2138.34895255
2138.54285177
2138.73675095
2138.93065009
2139.12454919
2139.31844824
2139.51234726
2139.70624623
2139.90014516
2140.09404405
2140.28794290
2140.48184171
2140.67574048
2140.86963920
2141.06353788
2141.25743653
2141.45133513
2141.64523369
2141.83913220
2142.03303068
2142.22692912
2142.42082751
2142.61472586
2142.80862417
2143.00252244
2143.19642067
2143.39031886
2143.58421700
2143.77811511
2143.97201317
2144.16591119
2144.35980917
2144.55370711
2144.74760500
2144.94150286
2145.13540067
2145.32929845
2145.52319618
2145.71709387
2145.91099151
2146.10488912
2146.29878669
2146.49268421
2146.68658169
2146.88047914
2147.07437654
2147.26827389
2147.46217121
2147.65606849
2147.84996572
2148.04386292
2148.23776007
2148.43165718
2148.62555425
2148.81945127
2149.01334826
2149.20724520
2149.40114211
2149.59503897
2149.78893579
2149.98283257
2150.17672931
2150.37062600
2150.56452266
2150.75841927
2150.95231584
2151.14621237
2151.34010886
2151.53400531
2151.72790172
2151.92179808
2152.11569441
2152.30959069
2152.50348693
2152.69738313
2152.89127929
2153.08517540
2153.27907148
2153.47296751
2153.66686350
2153.86075945
2154.05465536
2154.24855123
2154.44244706
2154.63634285
2154.83023859
2155.02413429
2155.21802995
2155.41192557
2155.60582115
2155.79971669
2155.99361218
2156.18750764
2156.38140305
2156.57529842
2156.76919375
2156.96308904
2157.15698429
2157.35087949
2157.54477466
2157.73866978
2157.93256486
2158.12645990
2158.32035490
2158.51424986
2158.70814478
2158.90203965
2159.09593448
2159.28982928
2159.48372403
2159.67761873
2159.87151340
2160.06540803
2160.25930261
2160.45319716
2160.64709166
2160.84098612
2161.03488054
2161.22877492
2161.42266925
2161.61656355
2161.81045780
2162.00435201
2162.19824618
2162.39214031
2162.58603440
2162.77992845
2162.97382245
2163.16771642
2163.36161034
2163.55550422
2163.74939806
2163.94329186
2164.13718562
2164.33107933
2164.52497301
2164.71886664
2164.91276023
2165.10665378
2165.30054729
2165.49444075
2165.68833418
2165.88222756
2166.07612091
2166.27001421
2166.46390747
2166.65780069
2166.85169386
2167.04558700
2167.23948009
2167.43337315
2167.62726616
2167.82115913
2168.01505206
2168.20894495
2168.40283779
2168.59673060
2168.79062336
2168.98451608
2169.17840876
2169.37230140
2169.56619400
2169.76008656
2169.95397907
2170.14787154
2170.34176398
2170.53565637
2170.72954872
2170.92344102
2171.11733329
2171.31122551
2171.50511770
2171.69900984
2171.89290194
2172.08679400
2172.28068602
2172.47457800
2172.66846993
2172.86236182
2173.05625368
2173.25014549
2173.44403726
2173.63792899
2173.83182067
2174.02571232
2174.21960392
2174.41349548
2174.60738701
2174.80127849
2174.99516992
2175.18906132
2175.38295268
2175.57684399
2175.77073526
2175.96462650
2176.15851769
2176.35240883
2176.54629994
2176.74019101
2176.93408203
2177.12797301
2177.32186396
2177.51575486
2177.70964571
2177.90353653
2178.09742731
2178.29131804
2178.48520874
2178.67909939
2178.87299000
2179.06688057
2179.26077110
2179.45466158
2179.64855203
2179.84244243
2180.03633279
2180.23022311
2180.42411339
2180.61800363
2180.81189383
2181.00578398
2181.19967409
2181.39356417
2181.58745420
2181.78134419
2181.97523413
2182.16912404
2182.36301391
2182.55690373
2182.75079351
2182.94468325
2183.13857295
2183.33246261
2183.52635223
2183.72024180
2183.91413134
2184.10802083
2184.30191028
2184.49579969
2184.68968906
2184.88357839
2185.07746767
2185.27135692
2185.46524612
2185.65913528
2185.85302440
2186.04691348
2186.24080252
2186.43469151
2186.62858047
2186.82246938
2187.01635825
2187.21024708
2187.40413587
2187.59802462
2187.79191332
2187.98580199
2188.17969061
2188.37357919
2188.56746773
2188.76135623
2188.95524469
2189.14913311
2189.34302148
2189.53690982
2189.73079811
2189.92468636
2190.11857457
2190.31246274
2190.50635086
2190.70023895
2190.89412699
2191.08801499
2191.28190295
2191.47579087
2191.66967875
2191.86356659
2192.05745438
2192.25134214
2192.44522985
2192.63911752
2192.83300515
2193.02689274
2193.22078029
2193.41466779
2193.60855525
2193.80244268
2193.99633006
2194.19021740
2194.38410470
2194.57799195
2194.77187917
2194.96576634
2195.15965348
2195.35354057
2195.54742762
2195.74131463
2195.93520159
2196.12908852
2196.32297540
