4245.51217540
4245.90177178
4246.29136435
4246.68095312
4247.07053809
4247.46011925
4247.84969661
4248.23927017
4248.62883992
4249.01840586
4249.40796801
4249.79752634
4250.18708088
4250.57663161
4250.96617854
4251.35572166
4251.74526098
4252.13479649
4252.52432820
4252.91385611
4253.30338021
4253.69290051
4254.08241701
4254.47192970
4254.86143858
4255.25094367
4255.64044494
4256.02994242
4256.41943609
4256.80892596
4257.19841202
4257.58789428
4257.97737273
4258.36684738
4258.75631823
4259.14578527
4259.53524851
4259.92470795
4260.31416358
4260.70361540
4261.09306343
4261.48250764
4261.87194806
4262.26138467
4262.65081748
4263.04024648
4263.42967168
4263.81909307
4264.20851066
4264.59792445
4264.98733443
4265.37674061
4265.76614299
4266.15554156
4266.54493632
4266.93432729
4267.32371444
4267.71309780
4268.10247735
4268.49185310
4268.88122504
4269.27059318
4269.65995751
4270.04931804
4270.43867477
4270.82802769
4271.21737681
4271.60672213
4271.99606364
4272.38540134
4272.77473525
4273.16406534
4273.55339164
4273.94271413
4274.33203282
4274.72134770
4275.11065878
4275.49996605
4275.88926952
4276.27856919
4276.66786505
4277.05715711
4277.44644537
4277.83572982
4278.22501046
4278.61428731
4279.00356034
4279.39282958
4279.78209501
4280.17135664
4280.56061446
4280.94986848
4281.33911869
4281.72836510
4282.11760771
4282.50684651
4282.89608151
4283.28531271
4283.67454010
4284.06376368
4284.45298347
4284.84219944
4285.23141162
4285.62061999
4286.00982456
4286.39902532
4286.78822228
4287.17741543
4287.56660478
4287.95579033
4288.34497207
4288.73415001
4289.12332415
4289.51249448
4289.90166100
4290.29082373
4290.67998264
4291.06913776
4291.45828907
4291.84743658
4292.23658028
4292.62572018
4293.01485627
4293.40398856
4293.79311705
4294.18224173
4294.57136261
4294.96047969
4295.34959296
4295.73870242
4296.12780809
4296.51690994
4296.90600800
4297.29510225
4297.68419270
4298.07327934
4298.46236218
4298.85144121
4299.24051644
4299.62958787
4300.01865549
4300.40771931
4300.79677933
4301.18583554
4301.57488794
4301.96393655
4302.35298134
4302.74202234
4303.13105953
4303.52009292
4303.90912250
4304.29814828
4304.68717025
4305.07618842
4305.46520279
4305.85421335
4306.24322011
4306.63222307
4307.02122222
4307.41021756
4307.79920911
4308.18819684
4308.57718078
4308.96616091
4309.35513724
4309.74410976
4310.13307848
4310.52204339
4310.91100450
4311.29996181
4311.68891531
4312.07786501
4312.46681091
4312.85575300
4313.24469128
4313.63362577
4314.02255644
4314.41148332
4314.80040639
4315.18932566
4315.57824112
4315.96715278
4316.35606063
4316.74496468
4317.13386493
4317.52276137
4317.91165401
4318.30054285
4318.68942788
4319.07830910
4319.46718653
4319.85606015
4320.24492996
4320.63379597
4321.02265818
4321.41151658
4321.80037118
4322.18922197
4322.57806896
4322.96691215
4323.35575153
4323.74458711
4324.13341889
4324.52224686
4324.91107102
4325.29989139
4325.68870795
4326.07752070
4326.46632965
4326.85513480
4327.24393614
4327.63273368
4328.02152741
4328.41031734
4328.79910347
4329.18788579
4329.57666431
4329.96543903
4330.35420994
4330.74297704
4331.13174035
4331.52049985
4331.90925554
4332.29800743
4332.68675552
4333.07549980
4333.46424028
4333.85297695
4334.24170982
4334.63043889
4335.01916415
4335.40788561
4335.79660327
4336.18531712
4336.57402716
4336.96273341
4337.35143585
4337.74013448
4338.12882931
4338.51752034
4338.90620756
4339.29489098
4339.68357059
4340.07224640
4340.46091841
4340.84958661
4341.23825101
4341.62691161
4342.01556840
4342.40422138
4342.79287057
4343.18151595
4343.57015752
4343.95879529
4344.34742926
4344.73605942
4345.12468578
4345.51330833
4345.90192708
4346.29054203
4346.67915317
4347.06776051
4347.45636405
4347.84496378
4348.23355970
4348.62215183
4349.01074015
4349.39932466
4349.78790537
4350.17648228
4350.56505538
4350.95362468
4351.34219017
4351.73075186
4352.11930975
4352.50786383
4352.89641411
4353.28496059
4353.67350326
4354.06204212
4354.45057719
4354.83910845
4355.22763590
4355.61615955
4356.00467940
4356.39319544
4356.78170768
4357.17021611
4357.55872074
4357.94722157
4358.33571859
4358.72421181
4359.11270123
4359.50118684
4359.88966864
4360.27814665
4360.66662085
4361.05509124
4361.44355783
4361.83202062
4362.22047960
4362.60893478
4362.99738615
4363.38583372
4363.77427749
4364.16271745
4364.55115361
4364.93958597
4365.32801452
4365.71643926
4366.10486021
4366.49327735
4366.88169068
4367.27010021
4367.65850594
4368.04690786
4368.43530598
4368.82370029
4369.21209080
4369.60047751
4369.98886041
4370.37723951
4370.76561481
4371.15398630
4371.54235398
4371.93071787
4372.31907795
4372.70743422
4373.09578669
4373.48413536
4373.87248022
4374.26082128
4374.64915853
4375.03749198
4375.42582163
4375.81414747
4376.20246951
4376.59078775
4376.97910218
4377.36741280
4377.75571963
4378.14402265
4378.53232186
4378.92061727
4379.30890888
4379.69719668
4380.08548068
4380.47376087
4380.86203726
4381.25030985
4381.63857863
4382.02684361
4382.41510479
4382.80336216
4383.19161572
4383.57986549
4383.96811145
4384.35635360
4384.74459195
4385.13282650
4385.52105724
4385.90928418
4386.29750731
4386.68572664
4387.07394217
4387.46215389
4387.85036181
4388.23856593
4388.62676624
4389.01496274
4389.40315545
4389.79134435
4390.17952944
4390.56771073
4390.95588822
4391.34406190
4391.73223178
4392.12039785
4392.50856012
4392.89671859
4393.28487325
4393.67302411
4394.06117117
4394.44931442
4394.83745386
4395.22558951
4395.61372135
4396.00184938
4396.38997361
4396.77809404
4397.16621066
4397.55432348
4397.94243249
4398.33053770
4398.71863911
4399.10673671
4399.49483051
4399.88292051
4400.27100670
4400.65908908
4401.04716767
4401.43524245
4401.82331342
4402.21138059
4402.59944396
4402.98750352
4403.37555928
4403.76361123
4404.15165938
4404.53970373
4404.92774427
4405.31578101
4405.70381395
4406.09184308
4406.47986840
4406.86788993
4407.25590765
4407.64392156
4408.03193167
4408.41993798
4408.80794048
4409.19593918
4409.58393407
4409.97192516
4410.35991245
4410.74789593
4411.13587561
4411.52385149
4411.91182356
4412.29979182
4412.68775629
4413.07571695
4413.46367380
4413.85162685
4414.23957610
4414.62752154
4415.01546318
4415.40340101
4415.79133504
4416.17926527
4416.56719169
4416.95511431
4417.34303313
4417.73094814
4418.11885934
4418.50676675
4418.89467035
4419.28257014
4419.67046613
4420.05835832
4420.44624670
4420.83413128
4421.22201205
4421.60988902
4421.99776219
4422.38563155
4422.77349711
4423.16135887
4423.54921682
4423.93707096
4424.32492131
4424.71276785
4425.10061058
4425.48844951
4425.87628464
4426.26411596
4426.65194348
4427.03976719
4427.42758710
4427.81540321
4428.20321551
4428.59102401
4428.97882871
4429.36662960
4429.75442668
4430.14221997
4430.53000945
4430.91779512
4431.30557699
4431.69335506
4432.08112932
4432.46889978
4432.85666643
4433.24442928
4433.63218833
4434.01994357
4434.40769501
4434.79544265
4435.18318648
4435.57092650
4435.95866273
4436.34639515
4436.73412376
4437.12184857
4437.50956958
4437.89728678
4438.28500018
4438.67270977
4439.06041556
4439.44811755
4439.83581573
4440.22351011
4440.61120069
4440.99888746
4441.38657042
4441.77424959
4442.16192495
4442.54959650
4442.93726425
4443.32492820
4443.71258834
4444.10024468
4444.48789721
4444.87554594
4445.26319087
4445.65083199
4446.03846931
4446.42610283
4446.81373254
4447.20135844
4447.58898055
4447.97659885
4448.36421334
4448.75182403
4449.13943092
4449.52703400
4449.91463328
4450.30222875
4450.68982042
4451.07740829
4451.46499235
4451.85257261
4452.24014907
4452.62772172
4453.01529056
4453.40285561
4453.79041685
4454.17797428
4454.56552791
4454.95307774
4455.34062376
4455.72816598
4456.11570439
4456.50323900
4456.89076981
4457.27829681
4457.66582001
4458.05333941
4458.44085500
4458.82836678
4459.21587477
4459.60337895
4459.99087932
4460.37837589
4460.76586866
4461.15335762
4461.54084278
4461.92832413
4462.31580168
4462.70327543
4463.09074537
4463.47821151
4463.86567385
4464.25313238
4464.64058710
4465.02803803
4465.41548515
4465.80292846
4466.19036797
4466.57780368
4466.96523558
4467.35266368
4467.74008797
4468.12750846
4468.51492515
4468.90233803
4469.28974711
4469.67715239
4470.06455386
4470.45195152
4470.83934539
4471.22673545
4471.61412170
4472.00150415
4472.38888280
4472.77625764
4473.16362868
4473.55099591
4473.93835934
4474.32571897
4474.71307479
4475.10042681
4475.48777503
4475.87511944
4476.26246004
4476.64979685
4477.03712985
4477.42445904
4477.81178443
4478.19910602
4478.58642380
4478.97373778
4479.36104795
4479.74835432
4480.13565689
4480.52295565
4480.91025061
4481.29754177
4481.68482912
4482.07211266
4482.45939241
4482.84666835
4483.23394048
4483.62120881
4484.00847334
4484.39573406
4484.78299098
4485.17024409
4485.55749340
4485.94473891
4486.33198061
4486.71921851
4487.10645261
4487.49368290
4487.88090938
4488.26813207
4488.65535095
4489.04256602
4489.42977729
4489.81698476
4490.20418842
4490.59138828
4490.97858433
4491.36577658
4491.75296503
4492.14014967
4492.52733051
4492.91450755
4493.30168078
4493.68885020
4494.07601583
4494.46317765
4494.85033566
4495.23748987
4495.62464028
4496.01178688
4496.39892968
4496.78606867
4497.17320386
4497.56033525
4497.94746283
4498.33458661
4498.72170659
4499.10882276
4499.49593512
4499.88304369
4500.27014845
4500.65724940
4501.04434655
4501.43143990
4501.81852944
4502.20561518
4502.59269711
4502.97977524
4503.36684957
4503.75392009
4504.14098681
4504.52804973
4504.91510884
4505.30216414
4505.68921565
4506.07626335
4506.46330724
4506.85034733
4507.23738362
4507.62441610
4508.01144478
4508.39846965
4508.78549072
4509.17250799
4509.55952145
4509.94653111
4510.33353697
4510.72053902
4511.10753726
4511.49453171
4511.88152235
4512.26850918
4512.65549221
4513.04247144
4513.42944686
4513.81641848
4514.20338629
4514.59035030
4514.97731051
4515.36426691
4515.75121951
4516.13816831
4516.52511330
4516.91205448
4517.29899187
4517.68592545
4518.07285522
4518.45978119
4518.84670336
4519.23362172
4519.62053628
4520.00744703
4520.39435398
4520.78125713
4521.16815647
4521.55505201
4521.94194375
4522.32883168
4522.71571580
4523.10259613
4523.48947265
4523.87634536
4524.26321427
4524.65007938
4525.03694068
4525.42379818
4525.81065187
4526.19750176
4526.58434785
4526.97119013
4527.35802861
4527.74486329
4528.13169416
4528.51852122
4528.90534449
4529.29216395
4529.67897960
4530.06579145
4530.45259950
4530.83940374
4531.22620418
4531.61300081
4531.99979364
4532.38658267
4532.77336789
4533.16014931
4533.54692693
4533.93370074
4534.32047074
4534.70723695
4535.09399935
4535.48075794
4535.86751273
4536.25426372
4536.64101090
4537.02775428
4537.41449385
4537.80122962
4538.18796159
4538.57468975
4538.96141411
4539.34813467
4539.73485142
4540.12156436
4540.50827351
4540.89497885
4541.28168038
4541.66837811
4542.05507204
4542.44176216
4542.82844848
4543.21513099
4543.60180970
4543.98848461
4544.37515571
4544.76182301
4545.14848651
4545.53514620
4545.92180208
4546.30845417
4546.69510245
4547.08174692
4547.46838759
4547.85502446
4548.24165752
4548.62828678
4549.01491223
4549.40153388
4549.78815173
4550.17476577
4550.56137601
4550.94798245
4551.33458508
4551.72118390
4552.10777893
4552.49437015
4552.88095756
4553.26754117
4553.65412098
4554.04069698
4554.42726918
4554.81383757
4555.20040216
4555.58696295
4555.97351993
4556.36007311
4556.74662249
4557.13316806
4557.51970982
4557.90624779
4558.29278195
4558.67931230
4559.06583885
4559.45236160
4559.83888054
4560.22539568
4560.61190701
4560.99841454
4561.38491827
4561.77141819
4562.15791431
4562.54440663
4562.93089514
4563.31737984
4563.70386075
4564.09033785
4564.47681114
4564.86328063
4565.24974632
4565.63620820
4566.02266628
4566.40912055
4566.79557102
4567.18201769
4567.56846055
4567.95489961
4568.34133487
4568.72776632
4569.11419396
4569.50061781
4569.88703785
4570.27345408
4570.65986651
4571.04627514
4571.43267996
4571.81908098
4572.20547819
4572.59187160
4572.97826121
4573.36464701
4573.75102901
4574.13740721
4574.52378160
4574.91015218
4575.29651897
4575.68288194
4576.06924112
4576.45559649
4576.84194806
4577.22829582
4577.61463978
4578.00097993
4578.38731628
4578.77364883
4579.15997757
4579.54630251
4579.93262365
4580.31894098
4580.70525450
4581.09156423
4581.47787014
4581.86417226
4582.25047057
4582.63676508
4583.02305578
4583.40934268
4583.79562577
4584.18190506
4584.56818055
4584.95445223
4585.34072011
4585.72698419
4586.11324446
4586.49950092
4586.88575359
4587.27200244
4587.65824750
4588.04448875
4588.43072620
4588.81695984
4589.20318968
4589.58941571
4589.97563794
4590.36185637
4590.74807099
4591.13428181
4591.52048883
4591.90669204
4592.29289144
4592.67908705
4593.06527884
4593.45146684
4593.83765103
4594.22383142
4594.61000800
4594.99618078
4595.38234975
4595.76851492
4596.15467629
4596.54083385
4596.92698761
4597.31313757
4597.69928372
4598.08542606
4598.47156461
4598.85769934
4599.24383028
4599.62995741
4600.01608074
4600.40220026
4600.78831598
4601.17442789
4601.56053600
4601.94664031
4602.33274081
4602.71883751
4603.10493041
4603.49101950
4603.87710478
4604.26318627
4604.64926394
4605.03533782
4605.42140789
4605.80747416
4606.19353662
4606.57959528
4606.96565013
4607.35170118
4607.73774843
4608.12379187
4608.50983151
4608.89586735
4609.28189938
4609.66792760
4610.05395203
4610.43997264
4610.82598946
4611.21200247
4611.59801168
4611.98401708
4612.37001868
4612.75601647
4613.14201046
4613.52800065
4613.91398703
4614.29996961
4614.68594839
4615.07192336
4615.45789452
4615.84386189
4616.22982544
4616.61578520
4617.00174115
4617.38769330
4617.77364164
4618.15958618
4618.54552691
4618.93146384
4619.31739697
4619.70332629
4620.08925181
4620.47517353
4620.86109144
4621.24700554
4621.63291585
4622.01882234
4622.40472504
4622.79062393
4623.17651902
4623.56241030
4623.94829778
4624.33418145
4624.72006132
4625.10593739
4625.49180965
4625.87767811
4626.26354277
4626.64940362
4627.03526066
4627.42111391
4627.80696334
4628.19280898
4628.57865081
4628.96448884
4629.35032306
4629.73615348
4630.12198009
4630.50780290
4630.89362191
4631.27943711
4631.66524851
4632.05105611
4632.43685990
4632.82265988
4633.20845607
4633.59424844
4633.98003702
4634.36582179
4634.75160276
4635.13737992
4635.52315328
4635.90892283
4636.29468858
4636.68045053
4637.06620867
4637.45196301
4637.83771355
4638.22346028
4638.60920320
4638.99494233
4639.38067764
4639.76640916
4640.15213687
4640.53786078
4640.92358088
4641.30929718
4641.69500967
4642.08071836
4642.46642325
4642.85212433
4643.23782161
4643.62351509
4644.00920476
4644.39489062
4644.78057269
4645.16625094
4645.55192540
4645.93759605
4646.32326290
4646.70892594
4647.09458518
4647.48024061
4647.86589224
4648.25154007
4648.63718409
4649.02282431
4649.40846072
4649.79409334
4650.17972214
4650.56534714
4650.95096834
4651.33658574
4651.72219933
4652.10780912
4652.49341510
4652.87901728
4653.26461565
4653.65021022
4654.03580099
4654.42138795
4654.80697111
4655.19255046
4655.57812602
4655.96369776
4656.34926570
4656.73482984
4657.12039018
4657.50594671
4657.89149944
4658.27704836
4658.66259348
4659.04813479
4659.43367230
4659.81920601
4660.20473591
4660.59026201
4660.97578430
4661.36130280
4661.74681748
4662.13232836
4662.51783544
4662.90333872
4663.28883819
4663.67433386
4664.05982572
4664.44531378
4664.83079803
4665.21627848
4665.60175513
4665.98722797
4666.37269701
4666.75816224
4667.14362368
4667.52908130
4667.91453512
4668.29998514
4668.68543136
4669.07087377
4669.45631238
4669.84174718
4670.22717818
4670.61260537
4670.99802876
4671.38344835
4671.76886413
4672.15427611
4672.53968428
4672.92508866
4673.31048922
4673.69588598
4674.08127894
4674.46666810
4674.85205345
4675.23743499
4675.62281274
4676.00818668
4676.39355681
4676.77892314
4677.16428567
4677.54964439
4677.93499931
4678.32035042
4678.70569773
4679.09104124
4679.47638094
4679.86171684
4680.24704894
4680.63237723
4681.01770171
4681.40302240
4681.78833928
4682.17365235
4682.55896162
4682.94426709
4683.32956875
4683.71486661
4684.10016066
4684.48545091
4684.87073736
4685.25602000
4685.64129884
4686.02657388
4686.41184511
4686.79711253
4687.18237616
4687.56763598
4687.95289199
4688.33814420
4688.72339261
4689.10863721
4689.49387801
4689.87911500
4690.26434819
4690.64957758
4691.03480316
4691.42002494
4691.80524292
4692.19045709
4692.57566745
4692.96087402
4693.34607678
4693.73127573
4694.11647088
4694.50166223
4694.88684977
4695.27203351
4695.65721344
4696.04238957
4696.42756190
4696.81273042
4697.19789514
4697.58305606
4697.96821317
4698.35336647
4698.73851598
4699.12366168
4699.50880357
4699.89394166
4700.27907595
4700.66420643
4701.04933311
4701.43445598
4701.81957505
4702.20469032
4702.58980178
4702.97490944
4703.36001330
4703.74511335
4704.13020959
4704.51530204
4704.90039068
4705.28547551
4705.67055654
4706.05563377
4706.44070719
4706.82577681
4707.21084262
4707.59590463
4707.98096284
4708.36601724
4708.75106784
4709.13611464
4709.52115763
4709.90619681
4710.29123220
4710.67626378
4711.06129155
4711.44631552
4711.83133569
4712.21635205
4712.60136461
4712.98637336
4713.37137831
4713.75637946
4714.14137680
4714.52637034
4714.91136008
4715.29634601
4715.68132813
4716.06630646
4716.45128098
4716.83625169
4717.22121860
4717.60618171
4717.99114101
4718.37609651
4718.76104820
4719.14599609
4719.53094018
4719.91588046
4720.30081694
4720.68574962
4721.07067849
4721.45560355
4721.84052482
4722.22544227
4722.61035593
4722.99526578
4723.38017183
4723.76507407
4724.14997251
4724.53486714
4724.91975797
4725.30464500
4725.68952822
4726.07440764
4726.45928326
4726.84415507
4727.22902307
4727.61388728
4727.99874767
4728.38360427
4728.76845706
4729.15330605
4729.53815123
4729.92299261
4730.30783018
4730.69266395
4731.07749392
4731.46232008
4731.84714244
4732.23196100
4732.61677575
4733.00158669
4733.38639384
4733.77119717
4734.15599671
4734.54079244
4734.92558437
4735.31037249
4735.69515681
4736.07993732
4736.46471403
4736.84948694
4737.23425604
4737.61902134
4738.00378284
4738.38854053
4738.77329441
4739.15804450
4739.54279077
4739.92753325
4740.31227192
4740.69700679
4741.08173785
4741.46646511
4741.85118856
4742.23590821
4742.62062406
4743.00533610
4743.39004434
4743.77474878
4744.15944941
4744.54414623
4744.92883926
4745.31352847
4745.69821389
4746.08289550
4746.46757331
4746.85224731
4747.23691751
4747.62158390
4748.00624649
4748.39090528
4748.77556026
4749.16021144
4749.54485882
4749.92950239
4750.31414215
4750.69877812
4751.08341027
4751.46803863
4751.85266318
4752.23728393
4752.62190087
4753.00651401
4753.39112334
4753.77572887
4754.16033060
4754.54492852
4754.92952264
4755.31411296
4755.69869947
4756.08328217
4756.46786108
4756.85243617
4757.23700747
4757.62157496
4758.00613865
4758.39069853
4758.77525461
4759.15980688
4759.54435535
4759.92890002
4760.31344088
4760.69797794
4761.08251120
4761.46704065
4761.85156629
4762.23608814
4762.62060617
4763.00512041
4763.38963084
4763.77413747
4764.15864029
4764.54313931
4764.92763452
4765.31212593
4765.69661354
4766.08109734
4766.46557734
4766.85005353
4767.23452593
4767.61899451
4768.00345929
4768.38792027
4768.77237745
4769.15683082
4769.54128039
4769.92572615
4770.31016811
4770.69460626
4771.07904061
4771.46347116
4771.84789790
4772.23232084
4772.61673997
4773.00115531
4773.38556683
4773.76997455
4774.15437847
4774.53877859
4774.92317490
4775.30756741
4775.69195611
4776.07634101
4776.46072210
4776.84509939
4777.22947288
4777.61384256
4777.99820844
4778.38257051
4778.76692879
4779.15128325
4779.53563391
4779.91998077
4780.30432383
4780.68866308
4781.07299853
4781.45733017
4781.84165801
4782.22598204
4782.61030227
4782.99461870
4783.37893132
4783.76324014
4784.14754515
4784.53184636
4784.91614377
4785.30043737
4785.68472717
4786.06901317
4786.45329536
4786.83757374
4787.22184833
4787.60611911
4787.99038608
4788.37464925
4788.75890862
4789.14316418
4789.52741594
4789.91166389
4790.29590804
4790.68014839
4791.06438493
4791.44861767
4791.83284661
4792.21707174
4792.60129306
4792.98551059
4793.36972431
4793.75393422
4794.13814033
4794.52234264
4794.90654114
4795.29073584
4795.67492673
4796.05911382
