1929.34957350
1929.54452176
1929.73946853
1929.93441379
1930.12935757
1930.32429984
1930.51924062
1930.71417990
1930.90911769
1931.10405398
1931.29898878
1931.49392208
1931.68885388
1931.88378419
1932.07871300
1932.27364032
1932.46856613
1932.66349046
1932.85841329
1933.05333462
1933.24825445
1933.44317279
1933.63808964
1933.83300498
1934.02791883
1934.22283119
1934.41774205
1934.61265141
1934.80755928
1935.00246565
1935.19737053
1935.39227391
1935.58717579
1935.78207618
1935.97697507
1936.17187246
1936.36676836
1936.56166277
1936.75655567
1936.95144709
1937.14633700
1937.34122542
1937.53611234
1937.73099777
1937.92588170
1938.12076414
1938.31564508
1938.51052452
1938.70540247
1938.90027892
1939.09515388
1939.29002734
1939.48489930
1939.67976977
1939.87463874
1940.06950621
1940.26437219
1940.45923668
1940.65409966
1940.84896115
1941.04382115
1941.23867965
1941.43353665
1941.62839216
1941.82324617
1942.01809869
1942.21294971
1942.40779923
1942.60264726
1942.79749379
1942.99233882
1943.18718236
1943.38202441
1943.57686495
1943.77170401
1943.96654156
1944.16137762
1944.35621218
1944.55104525
1944.74587682
1944.94070690
1945.13553548
1945.33036256
1945.52518815
1945.72001224
1945.91483484
1946.10965594
1946.30447554
1946.49929365
1946.69411026
1946.88892537
1947.08373899
1947.27855112
1947.47336174
1947.66817088
1947.86297851
1948.05778465
1948.25258929
1948.44739244
1948.64219409
1948.83699425
1949.03179291
1949.22659007
1949.42138574
1949.61617991
1949.81097258
1950.00576376
1950.20055345
1950.39534164
1950.59012833
1950.78491352
1950.97969722
1951.17447942
1951.36926013
1951.56403934
1951.75881706
1951.95359328
1952.14836800
1952.34314123
1952.53791296
1952.73268320
1952.92745194
1953.12221918
1953.31698493
1953.51174918
1953.70651193
1953.90127319
1954.09603296
1954.29079122
1954.48554800
1954.68030327
1954.87505705
1955.06980933
1955.26456012
1955.45930941
1955.65405721
1955.84880351
1956.04354831
1956.23829162
1956.43303343
1956.62777375
1956.82251256
1957.01724989
1957.21198572
1957.40672005
1957.60145288
1957.79618422
1957.99091407
1958.18564241
1958.38036926
1958.57509462
1958.76981848
1958.96454084
1959.15926171
1959.35398108
1959.54869896
1959.74341534
1959.93813022
1960.13284361
1960.32755550
1960.52226589
1960.71697479
1960.91168220
1961.10638810
1961.30109252
1961.49579543
1961.69049685
1961.88519677
1962.07989520
1962.27459213
1962.46928757
1962.66398151
1962.85867395
1963.05336490
1963.24805435
1963.44274231
1963.63742877
1963.83211373
1964.02679720
1964.22147917
1964.41615964
1964.61083862
1964.80551611
1965.00019209
1965.19486658
1965.38953958
1965.58421108
1965.77888108
1965.97354959
1966.16821660
1966.36288212
1966.55754614
1966.75220866
1966.94686969
1967.14152922
1967.33618725
1967.53084379
1967.72549884
1967.92015238
1968.11480444
1968.30945499
1968.50410405
1968.69875161
1968.89339768
1969.08804225
1969.28268533
1969.47732691
1969.67196699
1969.86660558
1970.06124267
1970.25587827
1970.45051237
1970.64514497
1970.83977608
1971.03440569
1971.22903380
1971.42366042
1971.61828555
1971.81290917
1972.00753131
1972.20215194
1972.39677108
1972.59138872
1972.78600487
1972.98061952
1973.17523268
1973.36984434
1973.56445450
1973.75906317
1973.95367034
1974.14827601
1974.34288019
1974.53748288
1974.73208407
1974.92668376
1975.12128195
1975.31587865
1975.51047385
1975.70506756
1975.89965977
1976.09425049
1976.28883971
1976.48342743
1976.67801366
1976.87259839
1977.06718163
1977.26176337
1977.45634361
1977.65092236
1977.84549961
1978.04007536
1978.23464962
1978.42922239
1978.62379365
1978.81836343
1979.01293170
1979.20749848
1979.40206376
1979.59662755
1979.79118984
1979.98575064
1980.18030994
1980.37486774
1980.56942405
1980.76397886
1980.95853218
1981.15308399
1981.34763432
1981.54218315
1981.73673048
1981.93127631
1982.12582065
1982.32036350
1982.51490484
1982.70944469
1982.90398305
1983.09851991
1983.29305527
1983.48758914
1983.68212151
1983.87665239
1984.07118177
1984.26570965
1984.46023604
1984.65476093
1984.84928432
1985.04380622
1985.23832663
1985.43284553
1985.62736295
1985.82187886
1986.01639328
1986.21090620
1986.40541763
1986.59992756
1986.79443600
1986.98894294
1987.18344838
1987.37795233
1987.57245478
1987.76695574
1987.96145520
1988.15595316
1988.35044963
1988.54494460
1988.73943807
1988.93393005
1989.12842054
1989.32290952
1989.51739701
1989.71188301
1989.90636751
1990.10085051
1990.29533202
1990.48981203
1990.68429055
1990.87876757
1991.07324309
1991.26771712
1991.46218965
1991.65666068
1991.85113022
1992.04559827
1992.24006481
1992.43452987
1992.62899342
1992.82345548
1993.01791604
1993.21237511
1993.40683268
1993.60128876
1993.79574334
1993.99019642
1994.18464801
1994.37909810
1994.57354670
1994.76799380
1994.96243940
1995.15688351
1995.35132612
1995.54576723
1995.74020685
1995.93464498
1996.12908160
1996.32351674
1996.51795037
1996.71238251
1996.90681315
1997.10124230
1997.29566995
1997.49009611
1997.68452077
1997.87894393
1998.07336560
1998.26778577
1998.46220445
1998.65662162
1998.85103731
1999.04545150
1999.23986419
1999.43427538
1999.62868508
1999.82309329
2000.01749999
2000.21190520
2000.40630892
2000.60071114
2000.79511186
2000.98951109
2001.18390882
2001.37830506
2001.57269980
2001.76709304
2001.96148479
2002.15587504
2002.35026379
2002.54465105
2002.73903682
2002.93342108
2003.12780386
2003.32218513
2003.51656491
2003.71094319
2003.90531998
2004.09969527
2004.29406907
2004.48844137
2004.68281217
2004.87718148
2005.07154929
2005.26591561
2005.46028043
2005.65464375
2005.84900558
2006.04336591
2006.23772474
2006.43208208
2006.62643793
2006.82079227
2007.01514512
2007.20949648
2007.40384634
2007.59819470
2007.79254157
2007.98688694
2008.18123082
2008.37557320
2008.56991408
2008.76425347
2008.95859136
2009.15292775
2009.34726265
2009.54159606
2009.73592796
2009.93025838
2010.12458729
2010.31891471
2010.51324063
2010.70756506
2010.90188799
2011.09620943
2011.29052937
2011.48484781
2011.67916476
2011.87348021
2012.06779417
2012.26210663
2012.45641759
2012.65072706
2012.84503503
2013.03934150
2013.23364648
2013.42794997
2013.62225195
2013.81655245
2014.01085144
2014.20514894
2014.39944494
2014.59373945
2014.78803246
2014.98232398
2015.17661400
2015.37090252
2015.56518955
2015.75947508
2015.95375912
2016.14804165
2016.34232270
2016.53660225
2016.73088030
2016.92515685
2017.11943191
2017.31370548
2017.50797754
2017.70224811
2017.89651719
2018.09078477
2018.28505085
2018.47931544
2018.67357853
2018.86784013
2019.06210023
2019.25635883
2019.45061594
2019.64487155
2019.83912566
2020.03337828
2020.22762941
2020.42187903
2020.61612717
2020.81037380
2021.00461894
2021.19886258
2021.39310473
2021.58734538
2021.78158454
2021.97582220
2022.17005836
2022.36429303
2022.55852620
2022.75275788
2022.94698806
2023.14121674
2023.33544393
2023.52966962
2023.72389381
2023.91811651
2024.11233772
2024.30655742
2024.50077563
2024.69499235
2024.88920757
2025.08342129
2025.27763352
2025.47184425
2025.66605349
2025.86026123
2026.05446747
2026.24867222
2026.44287547
2026.63707722
2026.83127748
2027.02547625
2027.21967351
2027.41386929
2027.60806356
2027.80225634
2027.99644762
2028.19063741
2028.38482570
2028.57901250
2028.77319780
2028.96738160
2029.16156391
2029.35574472
2029.54992404
2029.74410186
2029.93827818
2030.13245301
2030.32662634
2030.52079817
2030.71496851
2030.90913736
2031.10330470
2031.29747056
2031.49163491
2031.68579777
2031.87995913
2032.07411900
2032.26827737
2032.46243425
2032.65658963
2032.85074351
2033.04489590
2033.23904679
2033.43319619
2033.62734408
2033.82149049
2034.01563540
2034.20977881
2034.40392072
2034.59806114
2034.79220007
2034.98633749
2035.18047342
2035.37460786
2035.56874080
2035.76287224
2035.95700219
2036.15113064
2036.34525760
2036.53938306
2036.73350702
2036.92762949
2037.12175046
2037.31586993
2037.50998791
2037.70410440
2037.89821938
2038.09233288
2038.28644487
2038.48055537
2038.67466437
2038.86877188
2039.06287789
2039.25698241
2039.45108543
2039.64518695
2039.83928698
2040.03338551
2040.22748255
2040.42157809
2040.61567213
2040.80976468
2041.00385573
2041.19794528
2041.39203334
2041.58611991
2041.78020497
2041.97428854
2042.16837062
2042.36245120
2042.55653028
2042.75060787
2042.94468396
2043.13875856
2043.33283166
2043.52690326
2043.72097337
2043.91504198
2044.10910909
2044.30317471
2044.49723884
2044.69130147
2044.88536260
2045.07942223
2045.27348037
2045.46753701
2045.66159216
2045.85564581
2046.04969797
2046.24374863
2046.43779779
2046.63184546
2046.82589163
2047.01993631
2047.21397949
2047.40802117
2047.60206136
2047.79610005
2047.99013724
2048.18417294
2048.37820715
2048.57223985
2048.76627107
2048.96030078
2049.15432900
2049.34835572
2049.54238095
2049.73640468
2049.93042692
2050.12444766
2050.31846690
2050.51248465
2050.70650090
2050.90051566
2051.09452891
2051.28854068
2051.48255095
2051.67655972
2051.87056699
2052.06457277
2052.25857706
2052.45257984
2052.64658113
2052.84058093
2053.03457923
2053.22857603
2053.42257134
2053.61656515
2053.81055747
2054.00454829
2054.19853761
2054.39252544
2054.58651177
2054.78049660
2054.97447994
2055.16846179
2055.36244213
2055.55642099
2055.75039834
2055.94437420
2056.13834856
2056.33232143
2056.52629280
2056.72026268
2056.91423106
2057.10819794
2057.30216333
2057.49612722
2057.69008962
2057.88405052
2058.07800992
2058.27196783
2058.46592424
2058.65987915
2058.85383257
2059.04778450
2059.24173492
2059.43568386
2059.62963129
2059.82357723
2060.01752167
2060.21146462
2060.40540607
2060.59934603
2060.79328449
2060.98722145
2061.18115692
2061.37509089
2061.56902337
2061.76295434
2061.95688383
2062.15081182
2062.34473831
2062.53866330
2062.73258680
2062.92650881
2063.12042931
2063.31434832
2063.50826584
2063.70218186
2063.89609638
2064.09000941
2064.28392094
2064.47783098
2064.67173952
2064.86564656
2065.05955211
2065.25345616
2065.44735871
2065.64125977
2065.83515934
2066.02905740
2066.22295398
2066.41684905
2066.61074263
2066.80463471
2066.99852530
2067.19241439
2067.38630199
2067.58018809
2067.77407269
2067.96795580
2068.16183741
2068.35571753
2068.54959615
2068.74347327
2068.93734890
2069.13122303
2069.32509566
2069.51896680
2069.71283645
2069.90670459
2070.10057124
2070.29443640
2070.48830006
2070.68216222
2070.87602289
2071.06988206
2071.26373974
2071.45759592
2071.65145060
2071.84530379
2072.03915548
2072.23300567
2072.42685437
2072.62070158
2072.81454729
2073.00839150
2073.20223421
2073.39607543
2073.58991516
2073.78375338
2073.97759011
2074.17142535
2074.36525909
2074.55909133
2074.75292208
2074.94675133
2075.14057909
2075.33440535
2075.52823011
2075.72205338
2075.91587515
2076.10969542
2076.30351420
2076.49733149
2076.69114727
2076.88496157
2077.07877436
2077.27258566
2077.46639546
2077.66020377
2077.85401058
2078.04781590
2078.24161972
2078.43542204
2078.62922287
2078.82302220
2079.01682004
2079.21061638
2079.40441122
2079.59820457
2079.79199642
2079.98578677
2080.17957563
2080.37336300
2080.56714886
2080.76093323
2080.95471611
2081.14849749
2081.34227737
2081.53605576
2081.72983265
2081.92360805
2082.11738195
2082.31115435
2082.50492526
2082.69869467
2082.89246258
2083.08622900
2083.27999393
2083.47375736
2083.66751929
2083.86127972
2084.05503866
2084.24879610
2084.44255205
2084.63630650
2084.83005946
2085.02381092
2085.21756088
2085.41130935
2085.60505632
2085.79880180
2085.99254578
2086.18628826
2086.38002925
2086.57376874
2086.76750673
2086.96124323
2087.15497824
2087.34871174
2087.54244376
2087.73617427
2087.92990329
2088.12363081
2088.31735684
2088.51108137
2088.70480441
2088.89852595
2089.09224599
2089.28596454
2089.47968159
2089.67339715
2089.86711120
2090.06082377
2090.25453484
2090.44824441
2090.64195248
2090.83565906
2091.02936415
2091.22306773
2091.41676982
2091.61047042
2091.80416952
2091.99786712
2092.19156323
2092.38525784
2092.57895096
2092.77264258
2092.96633270
2093.16002133
2093.35370846
2093.54739409
2093.74107823
2093.93476088
2094.12844202
2094.32212168
2094.51579983
2094.70947649
2094.90315165
2095.09682532
2095.29049749
2095.48416817
2095.67783735
2095.87150503
2096.06517122
2096.25883591
2096.45249911
2096.64616081
2096.83982101
2097.03347972
2097.22713693
2097.42079264
2097.61444686
2097.80809959
2098.00175081
2098.19540055
2098.38904878
2098.58269552
2098.77634076
2098.96998451
2099.16362676
2099.35726752
2099.55090678
2099.74454454
2099.93818081
2100.13181558
2100.32544886
2100.51908063
2100.71271092
2100.90633971
2101.09996700
2101.29359279
2101.48721709
2101.68083990
2101.87446120
2102.06808101
2102.26169933
2102.45531615
2102.64893147
2102.84254530
2103.03615763
2103.22976847
2103.42337781
2103.61698565
2103.81059200
2104.00419685
2104.19780020
2104.39140206
2104.58500243
2104.77860129
2104.97219867
2105.16579454
2105.35938892
2105.55298180
2105.74657319
2105.94016308
2106.13375148
2106.32733838
2106.52092378
2106.71450769
2106.90809010
2107.10167102
2107.29525044
2107.48882836
2107.68240479
2107.87597972
2108.06955315
2108.26312509
2108.45669554
2108.65026448
2108.84383194
2109.03739789
2109.23096235
2109.42452531
2109.61808678
2109.81164675
2110.00520523
2110.19876221
2110.39231769
2110.58587168
2110.77942417
2110.97297517
2111.16652466
2111.36007267
2111.55361918
2111.74716419
2111.94070770
2112.13424972
2112.32779025
2112.52132927
2112.71486680
2112.90840284
2113.10193738
2113.29547042
2113.48900197
2113.68253202
2113.87606058
2114.06958764
2114.26311320
2114.45663727
2114.65015984
2114.84368091
2115.03720049
2115.23071858
2115.42423516
2115.61775026
2115.81126385
2116.00477595
2116.19828655
2116.39179566
2116.58530327
2116.77880939
2116.97231401
2117.16581713
2117.35931876
2117.55281889
2117.74631753
2117.93981467
2118.13331031
2118.32680446
2118.52029711
2118.71378826
2118.90727792
2119.10076609
2119.29425275
2119.48773793
2119.68122160
2119.87470378
2120.06818446
2120.26166365
2120.45514134
2120.64861754
2120.84209224
2121.03556544
2121.22903715
2121.42250736
2121.61597608
2121.80944329
2122.00290902
2122.19637325
2122.38983598
2122.58329721
2122.77675695
2122.97021520
2123.16367194
2123.35712719
2123.55058095
2123.74403321
2123.93748397
2124.13093324
2124.32438101
2124.51782729
2124.71127207
2124.90471535
2125.09815714
2125.29159743
2125.48503622
2125.67847352
2125.87190933
2126.06534363
2126.25877645
2126.45220776
2126.64563758
2126.83906590
2127.03249273
2127.22591806
2127.41934190
2127.61276424
2127.80618508
2127.99960443
2128.19302228
2128.38643864
2128.57985350
2128.77326686
2128.96667873
2129.16008910
2129.35349797
2129.54690535
2129.74031124
2129.93371562
2130.12711852
2130.32051991
2130.51391981
2130.70731821
2130.90071512
2131.09411053
2131.28750445
2131.48089687
2131.67428779
2131.86767722
2132.06106515
2132.25445159
2132.44783652
2132.64121997
2132.83460192
2133.02798237
2133.22136132
2133.41473878
2133.60811475
2133.80148921
2133.99486218
2134.18823366
2134.38160364
2134.57497212
2134.76833911
2134.96170460
2135.15506860
2135.34843110
2135.54179210
2135.73515161
2135.92850962
2136.12186613
2136.31522115
2136.50857468
2136.70192670
2136.89527724
2137.08862627
2137.28197381
2137.47531985
2137.66866440
2137.86200745
2138.05534901
2138.24868907
2138.44202763
2138.63536470
2138.82870027
2139.02203435
2139.21536693
2139.40869801
2139.60202760
2139.79535569
2139.98868228
2140.18200738
2140.37533099
2140.56865309
2140.76197371
2140.95529282
2141.14861044
2141.34192656
2141.53524119
2141.72855432
2141.92186596
2142.11517610
2142.30848474
2142.50179189
2142.69509754
2142.88840170
2143.08170435
2143.27500552
2143.46830519
2143.66160336
2143.85490003
2144.04819521
2144.24148890
2144.43478108
2144.62807177
2144.82136097
2145.01464867
2145.20793487
2145.40121958
2145.59450279
2145.78778451
2145.98106473
2146.17434345
2146.36762068
2146.56089641
2146.75417064
2146.94744338
2147.14071463
2147.33398438
2147.52725263
2147.72051938
2147.91378464
2148.10704840
2148.30031067
2148.49357144
2148.68683072
2148.88008850
2149.07334478
2149.26659957
2149.45985286
2149.65310466
2149.84635496
2150.03960376
2150.23285107
2150.42609688
2150.61934119
2150.81258401
2151.00582534
2151.19906516
2151.39230350
2151.58554033
2151.77877567
2151.97200951
2152.16524186
2152.35847271
2152.55170207
2152.74492993
2152.93815629
2153.13138116
2153.32460453
2153.51782641
2153.71104679
2153.90426567
2154.09748306
2154.29069895
2154.48391334
2154.67712624
2154.87033765
2155.06354755
2155.25675596
2155.44996288
2155.64316830
2155.83637222
2156.02957465
2156.22277558
2156.41597502
2156.60917296
2156.80236940
2156.99556435
2157.18875780
2157.38194975
2157.57514021
2157.76832918
2157.96151665
2158.15470262
2158.34788709
2158.54107007
2158.73425156
2158.92743154
2159.12061003
2159.31378703
2159.50696253
2159.70013653
2159.89330904
2160.08648005
2160.27964957
2160.47281759
2160.66598411
2160.85914914
2161.05231267
2161.24547470
2161.43863524
2161.63179429
2161.82495183
2162.01810789
2162.21126244
2162.40441550
2162.59756706
2162.79071713
2162.98386570
2163.17701278
2163.37015836
2163.56330244
2163.75644503
2163.94958612
2164.14272572
2164.33586382
2164.52900042
2164.72213553
2164.91526914
2165.10840125
2165.30153187
2165.49466100
2165.68778862
2165.88091475
2166.07403939
2166.26716253
2166.46028417
2166.65340432
