1691.54324942
1691.93500589
1692.32676124
1692.71851547
1693.11026860
1693.50202061
1693.89377150
1694.28552128
1694.67726995
1695.06901750
1695.46076394
1695.85250926
1696.24425347
1696.63599657
1697.02773855
1697.41947942
1697.81121917
1698.20295781
1698.59469534
1698.98643175
1699.37816705
1699.76990124
1700.16163431
1700.55336626
1700.94509710
1701.33682683
1701.72855545
1702.12028295
1702.51200933
1702.90373461
1703.29545876
1703.68718181
1704.07890374
1704.47062456
1704.86234426
1705.25406285
1705.64578032
1706.03749668
1706.42921193
1706.82092606
1707.21263908
1707.60435098
1707.99606177
1708.38777145
1708.77948001
1709.17118746
1709.56289379
1709.95459901
1710.34630312
1710.73800611
1711.12970799
1711.52140876
1711.91310841
1712.30480694
1712.69650437
1713.08820067
1713.47989587
1713.87158995
1714.26328291
1714.65497477
1715.04666551
1715.43835513
1715.83004364
1716.22173104
1716.61341732
1717.00510249
1717.39678654
1717.78846948
1718.18015131
1718.57183202
1718.96351162
1719.35519010
1719.74686747
1720.13854373
1720.53021887
1720.92189290
1721.31356582
1721.70523762
1722.09690830
1722.48857787
1722.88024633
1723.27191368
1723.66357991
1724.05524502
1724.44690903
1724.83857191
1725.23023369
1725.62189435
1726.01355390
1726.40521233
1726.79686965
1727.18852585
1727.58018094
1727.97183492
1728.36348778
1728.75513953
1729.14679016
1729.53843968
1729.93008809
1730.32173538
1730.71338156
1731.10502662
1731.49667058
1731.88831341
1732.27995513
1732.67159574
1733.06323524
1733.45487362
1733.84651088
1734.23814704
1734.62978207
1735.02141600
1735.41304881
1735.80468051
1736.19631109
1736.58794056
1736.97956891
1737.37119615
1737.76282228
1738.15444729
1738.54607119
1738.93769397
1739.32931564
1739.72093620
1740.11255564
1740.50417397
1740.89579118
1741.28740728
1741.67902227
1742.07063614
1742.46224890
1742.85386055
1743.24547108
1743.63708049
1744.02868880
1744.42029598
1744.81190206
1745.20350702
1745.59511086
1745.98671360
1746.37831522
1746.76991572
1747.16151511
1747.55311339
1747.94471055
1748.33630660
1748.72790153
1749.11949535
1749.51108806
1749.90267965
1750.29427013
1750.68585949
1751.07744774
1751.46903488
1751.86062090
1752.25220581
1752.64378961
1753.03537229
1753.42695385
1753.81853430
1754.21011364
1754.60169187
1754.99326898
1755.38484497
1755.77641986
1756.16799362
1756.55956628
1756.95113782
1757.34270825
1757.73427756
1758.12584576
1758.51741284
1758.90897881
1759.30054367
1759.69210741
1760.08367004
1760.47523155
1760.86679195
1761.25835124
1761.64990941
1762.04146647
1762.43302241
1762.82457724
1763.21613096
1763.60768356
1763.99923505
1764.39078543
1764.78233469
1765.17388283
1765.56542987
1765.95697578
1766.34852059
1766.74006428
1767.13160685
1767.52314832
1767.91468867
1768.30622790
1768.69776602
1769.08930303
1769.48083892
1769.87237370
1770.26390736
1770.65543991
1771.04697135
1771.43850167
1771.83003088
1772.22155897
1772.61308595
1773.00461182
1773.39613657
1773.78766021
1774.17918274
1774.57070415
1774.96222444
1775.35374362
1775.74526169
1776.13677865
1776.52829449
1776.91980921
1777.31132283
1777.70283532
1778.09434671
1778.48585698
1778.87736614
1779.26887418
1779.66038111
1780.05188692
1780.44339162
1780.83489521
1781.22639768
1781.61789904
1782.00939928
1782.40089841
1782.79239643
1783.18389333
1783.57538912
1783.96688379
1784.35837735
1784.74986980
1785.14136113
1785.53285135
1785.92434046
1786.31582845
1786.70731532
1787.09880109
1787.49028573
1787.88176927
1788.27325169
1788.66473299
1789.05621319
1789.44769227
1789.83917023
1790.23064708
1790.62212282
1791.01359744
1791.40507095
1791.79654334
1792.18801462
1792.57948479
1792.97095384
1793.36242178
1793.75388860
1794.14535431
1794.53681891
1794.92828239
1795.31974476
1795.71120602
1796.10266616
1796.49412518
1796.88558309
1797.27703989
1797.66849558
1798.05995015
1798.45140360
1798.84285595
1799.23430717
1799.62575729
1800.01720629
1800.40865418
1800.80010095
1801.19154661
1801.58299115
1801.97443458
1802.36587690
1802.75731810
1803.14875819
1803.54019716
1803.93163502
1804.32307177
1804.71450740
1805.10594192
1805.49737532
1805.88880761
1806.28023879
1806.67166885
1807.06309780
1807.45452564
1807.84595236
1808.23737796
1808.62880246
1809.02022583
1809.41164810
1809.80306925
1810.19448928
1810.58590821
1810.97732602
1811.36874271
1811.76015829
1812.15157276
1812.54298611
1812.93439835
1813.32580947
1813.71721948
1814.10862838
1814.50003616
1814.89144283
1815.28284838
1815.67425282
1816.06565615
1816.45705836
1816.84845946
1817.23985945
1817.63125832
1818.02265607
1818.41405271
1818.80544824
1819.19684266
1819.58823596
1819.97962814
1820.37101922
1820.76240917
1821.15379802
1821.54518575
1821.93657237
1822.32795787
1822.71934226
1823.11072553
1823.50210769
1823.89348874
1824.28486867
1824.67624749
1825.06762519
1825.45900178
1825.85037726
1826.24175162
1826.63312487
1827.02449700
1827.41586802
1827.80723793
1828.19860672
1828.58997440
1828.98134097
1829.37270642
1829.76407075
1830.15543398
1830.54679608
1830.93815708
1831.32951696
1831.72087572
1832.11223338
1832.50358992
1832.89494534
1833.28629965
1833.67765285
1834.06900493
1834.46035590
1834.85170575
1835.24305449
1835.63440212
1836.02574863
1836.41709403
1836.80843831
1837.19978148
1837.59112354
1837.98246448
1838.37380431
1838.76514302
1839.15648063
1839.54781711
1839.93915248
1840.33048674
1840.72181989
1841.11315192
1841.50448283
1841.89581264
1842.28714132
1842.67846890
1843.06979536
1843.46112071
1843.85244494
1844.24376806
1844.63509006
1845.02641095
1845.41773073
1845.80904939
1846.20036694
1846.59168337
1846.98299869
1847.37431290
1847.76562599
1848.15693797
1848.54824883
1848.93955858
1849.33086722
1849.72217474
1850.11348115
1850.50478645
1850.89609063
1851.28739369
1851.67869564
1852.06999648
1852.46129621
1852.85259482
1853.24389231
1853.63518870
1854.02648396
1854.41777812
1854.80907116
1855.20036309
1855.59165390
1855.98294360
1856.37423218
1856.76551965
1857.15680601
1857.54809125
1857.93937538
1858.33065839
1858.72194029
1859.11322108
1859.50450075
1859.89577931
1860.28705675
1860.67833308
1861.06960830
1861.46088240
1861.85215539
1862.24342727
1862.63469803
1863.02596767
1863.41723621
1863.80850362
1864.19976993
1864.59103512
1864.98229919
1865.37356216
1865.76482401
1866.15608474
1866.54734436
1866.93860287
1867.32986026
1867.72111654
1868.11237170
1868.50362575
1868.89487869
1869.28613051
1869.67738122
1870.06863081
1870.45987929
1870.85112666
1871.24237291
1871.63361805
1872.02486208
1872.41610499
1872.80734678
1873.19858746
1873.58982703
1873.98106549
1874.37230283
1874.76353905
1875.15477417
1875.54600816
1875.93724105
1876.32847282
1876.71970348
1877.11093302
1877.50216145
1877.89338876
1878.28461496
1878.67584005
1879.06706402
1879.45828688
1879.84950862
1880.24072925
1880.63194877
1881.02316717
1881.41438446
1881.80560063
1882.19681569
1882.58802964
1882.97924247
1883.37045419
1883.76166480
1884.15287429
1884.54408266
1884.93528992
1885.32649607
1885.71770111
1886.10890503
1886.50010783
1886.89130953
1887.28251011
1887.67370957
1888.06490792
1888.45610516
1888.84730128
1889.23849629
1889.62969018
1890.02088296
1890.41207463
1890.80326518
1891.19445462
1891.58564294
1891.97683015
1892.36801625
1892.75920123
1893.15038510
1893.54156785
1893.93274950
1894.32393002
1894.71510943
1895.10628773
1895.49746492
1895.88864099
1896.27981594
1896.67098979
1897.06216251
1897.45333413
1897.84450463
1898.23567401
1898.62684229
1899.01800945
1899.40917549
1899.80034042
1900.19150424
1900.58266694
1900.97382853
1901.36498900
1901.75614836
1902.14730661
1902.53846374
1902.92961976
1903.32077466
1903.71192845
1904.10308113
1904.49423269
1904.88538314
1905.27653248
1905.66768070
1906.05882780
1906.44997379
1906.84111867
1907.23226244
1907.62340509
1908.01454662
1908.40568705
1908.79682635
1909.18796455
1909.57910163
1909.97023760
1910.36137245
1910.75250619
1911.14363881
1911.53477032
1911.92590072
1912.31703000
1912.70815817
1913.09928522
1913.49041116
1913.88153599
1914.27265970
1914.66378230
1915.05490378
1915.44602415
1915.83714341
1916.22826155
1916.61937858
1917.01049450
1917.40160930
1917.79272298
1918.18383555
1918.57494701
1918.96605736
1919.35716659
1919.74827470
1920.13938171
1920.53048759
1920.92159237
1921.31269603
1921.70379858
1922.09490001
1922.48600033
1922.87709953
1923.26819762
1923.65929460
1924.05039046
1924.44148521
1924.83257884
1925.22367136
1925.61476277
1926.00585306
1926.39694224
1926.78803030
1927.17911725
1927.57020309
1927.96128781
1928.35237142
1928.74345392
1929.13453530
1929.52561556
1929.91669472
1930.30777275
1930.69884968
1931.08992549
1931.48100018
1931.87207377
1932.26314624
1932.65421759
1933.04528783
1933.43635696
1933.82742497
1934.21849187
1934.60955765
1935.00062232
1935.39168588
1935.78274832
1936.17380965
1936.56486986
1936.95592896
1937.34698695
1937.73804382
1938.12909958
1938.52015422
1938.91120776
1939.30226017
1939.69331147
1940.08436166
1940.47541074
1940.86645870
1941.25750554
1941.64855128
1942.03959589
1942.43063940
1942.82168179
1943.21272307
1943.60376323
1943.99480228
1944.38584021
1944.77687703
1945.16791274
1945.55894733
1945.94998081
1946.34101317
1946.73204442
1947.12307456
1947.51410358
1947.90513149
1948.29615828
1948.68718396
1949.07820853
1949.46923198
1949.86025432
1950.25127555
1950.64229566
1951.03331465
1951.42433253
1951.81534930
1952.20636496
1952.59737950
1952.98839292
1953.37940524
1953.77041643
1954.16142652
1954.55243549
1954.94344335
1955.33445009
1955.72545572
1956.11646023
1956.50746363
1956.89846592
1957.28946709
1957.68046715
1958.07146609
1958.46246392
1958.85346064
1959.24445624
1959.63545073
1960.02644410
1960.41743636
1960.80842751
1961.19941754
1961.59040646
1961.98139427
1962.37238096
1962.76336653
1963.15435099
1963.54533434
1963.93631658
1964.32729770
1964.71827770
1965.10925660
1965.50023437
1965.89121104
1966.28218659
1966.67316103
1967.06413435
1967.45510656
1967.84607765
1968.23704763
1968.62801650
1969.01898425
1969.40995089
1969.80091641
1970.19188082
1970.58284412
1970.97380630
1971.36476737
1971.75572732
1972.14668616
1972.53764389
1972.92860050
1973.31955600
1973.71051039
1974.10146366
1974.49241581
1974.88336686
1975.27431678
1975.66526560
1976.05621330
1976.44715988
1976.83810536
1977.22904972
1977.61999296
1978.01093509
1978.40187611
1978.79281601
1979.18375480
1979.57469247
1979.96562903
1980.35656448
1980.74749881
1981.13843203
1981.52936413
1981.92029512
1982.31122500
1982.70215376
1983.09308141
1983.48400794
1983.87493337
1984.26585767
1984.65678086
1985.04770294
1985.43862391
1985.82954376
1986.22046249
1986.61138012
1987.00229662
1987.39321202
1987.78412630
1988.17503946
1988.56595152
1988.95686246
1989.34777228
1989.73868099
1990.12958859
1990.52049507
1990.91140044
1991.30230469
1991.69320783
1992.08410986
1992.47501077
1992.86591057
1993.25680925
1993.64770682
1994.03860328
1994.42949862
1994.82039285
1995.21128596
1995.60217797
1995.99306885
1996.38395862
1996.77484728
1997.16573483
1997.55662126
1997.94750657
1998.33839078
1998.72927386
1999.12015584
1999.51103670
1999.90191645
2000.29279508
2000.68367260
2001.07454900
2001.46542429
2001.85629847
2002.24717153
2002.63804348
2003.02891431
2003.41978403
2003.81065264
2004.20152013
2004.59238651
2004.98325177
2005.37411592
2005.76497896
2006.15584088
2006.54670169
2006.93756139
2007.32841997
2007.71927743
2008.11013378
2008.50098902
2008.89184315
2009.28269616
2009.67354805
2010.06439884
2010.45524850
2010.84609706
2011.23694450
2011.62779083
2012.01863604
2012.40948014
2012.80032312
2013.19116499
2013.58200575
2013.97284539
2014.36368392
2014.75452133
2015.14535763
2015.53619282
2015.92702689
2016.31785985
2016.70869169
2017.09952242
2017.49035204
2017.88118054
2018.27200793
2018.66283421
2019.05365937
2019.44448341
2019.83530634
2020.22612816
2020.61694887
2021.00776846
2021.39858693
2021.78940430
2022.18022054
2022.57103568
2022.96184970
2023.35266261
2023.74347440
2024.13428508
2024.52509464
2024.91590309
2025.30671043
2025.69751665
2026.08832176
2026.47912575
2026.86992863
2027.26073040
2027.65153105
2028.04233059
2028.43312901
2028.82392632
2029.21472252
2029.60551760
2029.99631157
2030.38710443
2030.77789617
2031.16868679
2031.55947630
2031.95026470
2032.34105199
2032.73183816
2033.12262321
2033.51340716
2033.90418998
2034.29497170
2034.68575230
2035.07653179
2035.46731016
2035.85808742
2036.24886356
2036.63963859
2037.03041251
2037.42118531
2037.81195700
2038.20272757
2038.59349703
2038.98426538
2039.37503261
2039.76579873
2040.15656373
2040.54732762
2040.93809040
2041.32885206
2041.71961261
2042.11037205
2042.50113037
2042.89188757
2043.28264366
2043.67339864
2044.06415251
2044.45490526
2044.84565689
2045.23640742
2045.62715682
2046.01790512
2046.40865230
2046.79939837
2047.19014332
2047.58088716
2047.97162988
2048.36237149
2048.75311199
2049.14385137
2049.53458964
2049.92532679
2050.31606283
2050.70679776
2051.09753157
2051.48826427
2051.87899585
2052.26972632
2052.66045568
2053.05118392
2053.44191105
2053.83263707
2054.22336197
2054.61408575
2055.00480842
2055.39552998
2055.78625043
2056.17696976
2056.56768797
2056.95840508
2057.34912106
2057.73983594
2058.13054970
2058.52126235
2058.91197388
2059.30268430
2059.69339360
2060.08410179
2060.47480887
2060.86551483
2061.25621968
2061.64692341
2062.03762603
2062.42832754
2062.81902793
2063.20972721
2063.60042537
2063.99112242
2064.38181836
2064.77251318
2065.16320689
2065.55389949
2065.94459097
2066.33528133
2066.72597058
2067.11665872
2067.50734575
2067.89803166
2068.28871645
2068.67940014
2069.07008270
2069.46076416
2069.85144450
2070.24212373
2070.63280184
2071.02347884
2071.41415472
2071.80482949
2072.19550315
2072.58617569
2072.97684712
2073.36751743
2073.75818663
2074.14885472
2074.53952169
2074.93018755
2075.32085229
2075.71151592
2076.10217844
2076.49283984
2076.88350013
2077.27415931
2077.66481737
2078.05547431
2078.44613014
2078.83678486
2079.22743847
2079.61809096
2080.00874233
2080.39939260
2080.79004174
2081.18068978
2081.57133670
2081.96198251
2082.35262720
2082.74327078
2083.13391324
2083.52455459
2083.91519483
2084.30583395
2084.69647196
2085.08710885
2085.47774463
2085.86837930
2086.25901285
2086.64964529
2087.04027661
2087.43090682
2087.82153592
2088.21216390
2088.60279077
2088.99341653
2089.38404117
2089.77466469
2090.16528710
2090.55590840
2090.94652859
2091.33714766
2091.72776561
2092.11838246
2092.50899818
2092.89961280
2093.29022630
2093.68083869
2094.07144996
2094.46206012
2094.85266916
2095.24327709
2095.63388391
2096.02448961
2096.41509420
2096.80569767
2097.19630003
2097.58690128
2097.97750141
2098.36810043
2098.75869833
2099.14929512
2099.53989080
2099.93048536
2100.32107881
2100.71167115
2101.10226237
2101.49285247
2101.88344146
2102.27402934
2102.66461611
2103.05520176
2103.44578629
2103.83636972
2104.22695202
2104.61753322
2105.00811330
2105.39869227
2105.78927012
2106.17984686
2106.57042248
2106.96099699
2107.35157039
2107.74214267
2108.13271384
2108.52328389
2108.91385283
2109.30442066
2109.69498737
2110.08555297
2110.47611745
2110.86668082
2111.25724308
2111.64780422
2112.03836425
2112.42892317
2112.81948097
2113.21003765
2113.60059322
2113.99114768
2114.38170103
2114.77225326
2115.16280437
2115.55335438
2115.94390326
2116.33445104
2116.72499770
2117.11554325
2117.50608768
2117.89663100
2118.28717320
2118.67771429
2119.06825427
2119.45879313
2119.84933088
2120.23986751
2120.63040303
2121.02093744
2121.41147073
2121.80200291
2122.19253397
2122.58306392
2122.97359276
2123.36412048
2123.75464709
2124.14517259
2124.53569697
2124.92622023
2125.31674238
2125.70726342
2126.09778335
2126.48830216
2126.87881985
2127.26933644
2127.65985190
2128.05036626
2128.44087950
2128.83139163
2129.22190264
2129.61241254
2130.00292132
2130.39342899
2130.78393555
2131.17444099
2131.56494532
2131.95544853
2132.34595063
2132.73645162
2133.12695149
2133.51745025
2133.90794789
2134.29844442
2134.68893984
2135.07943414
2135.46992733
2135.86041941
2136.25091037
2136.64140021
2137.03188894
2137.42237656
2137.81286307
2138.20334846
2138.59383273
2138.98431590
2139.37479794
2139.76527888
2140.15575870
2140.54623741
2140.93671500
2141.32719148
2141.71766684
2142.10814109
2142.49861423
2142.88908625
2143.27955716
2143.67002695
2144.06049563
2144.45096320
2144.84142965
2145.23189499
2145.62235921
2146.01282232
2146.40328432
2146.79374520
2147.18420497
2147.57466362
2147.96512117
2148.35557759
2148.74603290
2149.13648710
2149.52694019
2149.91739216
2150.30784301
2150.69829276
2151.08874138
2151.47918890
2151.86963530
2152.26008058
2152.65052476
2153.04096782
2153.43140976
2153.82185059
2154.21229031
2154.60272891
2154.99316640
2155.38360277
2155.77403803
2156.16447218
2156.55490521
2156.94533713
2157.33576793
2157.72619762
2158.11662620
2158.50705366
2158.89748001
2159.28790524
2159.67832936
2160.06875237
2160.45917426
2160.84959504
2161.24001471
2161.63043326
2162.02085069
2162.41126702
2162.80168222
2163.19209632
2163.58250930
2163.97292116
2164.36333192
2164.75374156
2165.14415008
2165.53455749
2165.92496379
2166.31536897
2166.70577304
2167.09617599
2167.48657783
2167.87697856
2168.26737817
2168.65777667
2169.04817405
2169.43857032
2169.82896548
