2142.22649173
2142.42109972
2142.61570581
2142.81030999
2143.00491228
2143.19951266
2143.39411114
2143.58870772
2143.78330239
2143.97789516
2144.17248604
2144.36707501
2144.56166207
2144.75624724
2144.95083050
2145.14541186
2145.33999132
2145.53456888
2145.72914453
2145.92371829
2146.11829014
2146.31286009
2146.50742814
2146.70199428
2146.89655852
2147.09112087
2147.28568131
2147.48023984
2147.67479648
2147.86935121
2148.06390404
2148.25845497
2148.45300400
2148.64755113
2148.84209635
2149.03663967
2149.23118109
2149.42572061
2149.62025822
2149.81479394
2150.00932775
2150.20385966
2150.39838966
2150.59291777
2150.78744397
2150.98196827
2151.17649067
2151.37101117
2151.56552977
2151.76004646
2151.95456125
2152.14907414
2152.34358513
2152.53809421
2152.73260140
2152.92710668
2153.12161006
2153.31611153
2153.51061111
2153.70510878
2153.89960455
2154.09409842
2154.28859039
2154.48308046
2154.67756862
2154.87205488
2155.06653924
2155.26102170
2155.45550225
2155.64998091
2155.84445766
2156.03893251
2156.23340545
2156.42787650
2156.62234564
2156.81681288
2157.01127822
2157.20574166
2157.40020320
2157.59466283
2157.78912056
2157.98357639
2158.17803032
2158.37248234
2158.56693247
2158.76138069
2158.95582701
2159.15027142
2159.34471394
2159.53915455
2159.73359326
2159.92803007
2160.12246498
2160.31689799
2160.51132909
2160.70575829
2160.90018559
2161.09461099
2161.28903448
2161.48345608
2161.67787577
2161.87229356
2162.06670944
2162.26112343
2162.45553551
2162.64994569
2162.84435397
2163.03876035
2163.23316483
2163.42756740
2163.62196807
2163.81636684
2164.01076371
2164.20515867
2164.39955174
2164.59394290
2164.78833216
2164.98271951
2165.17710497
2165.37148852
2165.56587017
2165.76024992
2165.95462777
2166.14900372
2166.34337776
2166.53774990
2166.73212014
2166.92648848
2167.12085491
2167.31521945
2167.50958208
2167.70394281
2167.89830163
2168.09265856
2168.28701358
2168.48136670
2168.67571792
2168.87006724
2169.06441466
2169.25876017
2169.45310378
2169.64744549
2169.84178530
2170.03612320
2170.23045921
2170.42479331
2170.61912551
2170.81345580
2171.00778420
2171.20211069
2171.39643528
2171.59075797
2171.78507876
2171.97939765
2172.17371463
2172.36802971
2172.56234289
2172.75665417
2172.95096354
2173.14527102
2173.33957659
2173.53388026
2173.72818202
2173.92248189
2174.11677985
2174.31107591
2174.50537007
2174.69966233
2174.89395269
2175.08824114
2175.28252769
2175.47681234
2175.67109509
2175.86537593
2176.05965488
2176.25393192
2176.44820706
2176.64248029
2176.83675163
2177.03102106
2177.22528859
2177.41955422
2177.61381795
2177.80807978
2178.00233970
2178.19659772
2178.39085384
2178.58510806
2178.77936037
2178.97361079
2179.16785930
2179.36210591
2179.55635061
2179.75059342
2179.94483432
2180.13907332
2180.33331042
2180.52754562
2180.72177892
2180.91601031
2181.11023980
2181.30446739
2181.49869308
2181.69291686
2181.88713875
2182.08135873
2182.27557681
2182.46979298
2182.66400726
2182.85821963
2183.05243010
2183.24663867
2183.44084534
2183.63505011
2183.82925297
2184.02345393
2184.21765299
2184.41185015
2184.60604540
2184.80023876
2184.99443021
2185.18861976
2185.38280740
2185.57699315
2185.77117699
2185.96535893
2186.15953897
2186.35371711
2186.54789335
2186.74206768
2186.93624011
2187.13041064
2187.32457927
2187.51874599
2187.71291082
2187.90707374
2188.10123476
2188.29539387
2188.48955109
2188.68370640
2188.87785981
2189.07201132
2189.26616093
2189.46030864
2189.65445444
2189.84859834
2190.04274034
2190.23688044
2190.43101863
2190.62515493
2190.81928932
2191.01342181
2191.20755239
2191.40168108
2191.59580786
2191.78993274
2191.98405572
2192.17817680
2192.37229598
2192.56641325
2192.76052862
2192.95464209
2193.14875366
2193.34286332
2193.53697109
2193.73107695
2193.92518091
2194.11928296
2194.31338312
2194.50748137
2194.70157772
2194.89567217
2195.08976472
2195.28385537
2195.47794411
2195.67203095
2195.86611589
2196.06019893
2196.25428006
2196.44835930
2196.64243663
2196.83651206
2197.03058558
2197.22465721
2197.41872693
2197.61279475
2197.80686067
2198.00092469
2198.19498681
2198.38904702
2198.58310533
2198.77716174
2198.97121625
2199.16526885
2199.35931956
2199.55336836
2199.74741526
2199.94146025
2200.13550335
2200.32954454
2200.52358383
2200.71762122
2200.91165671
2201.10569030
2201.29972198
2201.49375176
2201.68777964
2201.88180562
2202.07582969
2202.26985187
2202.46387214
2202.65789051
2202.85190697
2203.04592154
2203.23993420
2203.43394496
2203.62795382
2203.82196078
2204.01596584
2204.20996899
2204.40397024
2204.59796959
2204.79196704
2204.98596258
2205.17995623
2205.37394797
2205.56793781
2205.76192574
2205.95591178
2206.14989591
2206.34387814
2206.53785847
2206.73183690
2206.92581343
2207.11978805
2207.31376077
2207.50773159
2207.70170051
2207.89566752
2208.08963264
2208.28359585
2208.47755716
2208.67151656
2208.86547407
2209.05942967
2209.25338337
2209.44733517
2209.64128507
2209.83523307
2210.02917916
2210.22312335
2210.41706564
2210.61100603
2210.80494451
2210.99888110
2211.19281578
2211.38674856
2211.58067943
2211.77460841
2211.96853548
2212.16246065
2212.35638392
2212.55030529
2212.74422476
2212.93814232
2213.13205798
2213.32597174
2213.51988360
2213.71379355
2213.90770161
2214.10160776
2214.29551201
2214.48941435
2214.68331480
2214.87721334
2215.07110998
2215.26500472
2215.45889756
2215.65278850
2215.84667753
2216.04056466
2216.23444989
2216.42833322
2216.62221464
2216.81609417
2217.00997179
2217.20384751
2217.39772132
2217.59159324
2217.78546325
2217.97933136
2218.17319757
2218.36706188
2218.56092429
2218.75478479
2218.94864339
2219.14250009
2219.33635489
2219.53020778
2219.72405878
2219.91790787
2220.11175506
2220.30560034
2220.49944373
2220.69328521
2220.88712479
2221.08096247
2221.27479825
2221.46863213
2221.66246410
2221.85629417
2222.05012234
2222.24394861
2222.43777297
2222.63159544
2222.82541600
2223.01923466
2223.21305141
2223.40686627
2223.60067922
2223.79449027
2223.98829942
2224.18210667
2224.37591202
2224.56971546
2224.76351700
2224.95731664
2225.15111438
2225.34491021
2225.53870415
2225.73249618
2225.92628631
2226.12007453
2226.31386086
2226.50764528
2226.70142780
2226.89520842
2227.08898714
2227.28276396
2227.47653887
2227.67031188
2227.86408299
2228.05785220
2228.25161950
2228.44538491
2228.63914841
2228.83291001
2229.02666970
2229.22042750
2229.41418339
2229.60793738
2229.80168947
2229.99543966
2230.18918795
2230.38293433
2230.57667881
2230.77042139
2230.96416207
2231.15790084
2231.35163772
2231.54537269
2231.73910576
2231.93283692
2232.12656619
2232.32029355
2232.51401901
2232.70774257
2232.90146423
2233.09518399
2233.28890184
2233.48261779
2233.67633184
2233.87004399
2234.06375423
2234.25746258
2234.45116902
2234.64487356
2234.83857619
2235.03227693
2235.22597576
2235.41967269
2235.61336772
2235.80706085
2236.00075208
2236.19444140
2236.38812882
2236.58181434
2236.77549796
2236.96917967
2237.16285949
2237.35653740
2237.55021341
2237.74388751
2237.93755972
2238.13123002
2238.32489842
2238.51856492
2238.71222952
2238.90589222
2239.09955301
2239.29321190
2239.48686889
2239.68052398
2239.87417716
2240.06782845
2240.26147783
2240.45512531
2240.64877088
2240.84241456
2241.03605633
2241.22969620
2241.42333417
2241.61697024
2241.81060441
2242.00423667
2242.19786703
2242.39149549
2242.58512205
2242.77874670
2242.97236946
2243.16599031
2243.35960926
2243.55322630
2243.74684145
2243.94045469
2244.13406603
2244.32767547
2244.52128301
2244.71488865
2244.90849238
2245.10209421
2245.29569414
2245.48929217
2245.68288829
2245.87648252
2246.07007484
2246.26366526
2246.45725377
2246.65084039
2246.84442510
2247.03800791
2247.23158882
2247.42516783
2247.61874494
2247.81232014
2248.00589344
2248.19946484
2248.39303434
2248.58660193
2248.78016763
2248.97373142
2249.16729331
2249.36085329
2249.55441138
2249.74796756
2249.94152184
2250.13507422
2250.32862470
2250.52217328
2250.71571995
2250.90926472
2251.10280759
2251.29634856
2251.48988762
2251.68342479
2251.87696005
2252.07049341
2252.26402486
2252.45755442
2252.65108207
2252.84460782
2253.03813167
2253.23165362
2253.42517367
2253.61869181
2253.81220805
2254.00572239
2254.19923483
2254.39274536
2254.58625400
2254.77976073
2254.97326556
2255.16676848
2255.36026951
2255.55376863
2255.74726585
2255.94076117
2256.13425459
2256.32774611
2256.52123572
2256.71472343
2256.90820924
2257.10169315
2257.29517515
2257.48865526
2257.68213346
2257.87560976
2258.06908415
2258.26255665
2258.45602724
2258.64949593
2258.84296272
2259.03642761
2259.22989060
2259.42335168
2259.61681086
2259.81026814
2260.00372352
2260.19717699
2260.39062857
2260.58407824
2260.77752601
2260.97097187
2261.16441584
2261.35785790
2261.55129806
2261.74473632
2261.93817268
2262.13160714
2262.32503969
2262.51847034
2262.71189909
2262.90532594
2263.09875088
2263.29217393
2263.48559507
2263.67901431
2263.87243164
2264.06584708
2264.25926061
2264.45267224
2264.64608197
2264.83948980
2265.03289573
2265.22629975
2265.41970187
2265.61310209
2265.80650041
2265.99989682
2266.19329134
2266.38668395
2266.58007466
2266.77346346
2266.96685037
2267.16023537
2267.35361847
2267.54699967
2267.74037897
2267.93375637
2268.12713186
2268.32050545
2268.51387714
2268.70724693
2268.90061481
2269.09398080
2269.28734488
2269.48070706
2269.67406733
2269.86742571
2270.06078218
2270.25413675
2270.44748942
2270.64084019
2270.83418906
2271.02753602
2271.22088108
2271.41422424
2271.60756550
2271.80090485
2271.99424231
2272.18757786
2272.38091151
2272.57424325
2272.76757310
2272.96090104
2273.15422708
2273.34755122
2273.54087346
2273.73419380
2273.92751223
2274.12082876
2274.31414339
2274.50745612
2274.70076694
2274.89407587
2275.08738289
2275.28068801
2275.47399122
2275.66729254
2275.86059195
2276.05388946
2276.24718507
2276.44047878
2276.63377059
2276.82706049
2277.02034849
2277.21363459
2277.40691879
2277.60020108
2277.79348148
2277.98675997
2278.18003656
2278.37331124
2278.56658403
2278.75985491
2278.95312389
2279.14639097
2279.33965615
2279.53291943
2279.72618080
2279.91944027
2280.11269784
2280.30595351
2280.49920727
2280.69245914
2280.88570910
2281.07895716
2281.27220331
2281.46544757
2281.65868992
2281.85193037
2282.04516892
2282.23840557
2282.43164032
2282.62487316
2282.81810410
2283.01133314
2283.20456028
2283.39778551
2283.59100885
2283.78423028
2283.97744981
2284.17066743
2284.36388316
2284.55709698
2284.75030890
2284.94351892
2285.13672704
2285.32993326
2285.52313757
2285.71633998
2285.90954049
2286.10273910
2286.29593580
2286.48913061
2286.68232351
2286.87551451
2287.06870360
2287.26189080
2287.45507609
2287.64825948
2287.84144097
2288.03462056
2288.22779825
2288.42097403
2288.61414791
2288.80731989
2289.00048997
2289.19365814
2289.38682442
2289.57998879
2289.77315126
2289.96631182
2290.15947049
2290.35262725
2290.54578211
2290.73893507
2290.93208613
2291.12523529
2291.31838254
2291.51152789
2291.70467134
2291.89781289
2292.09095253
2292.28409028
2292.47722612
2292.67036006
2292.86349209
2293.05662223
2293.24975046
2293.44287679
2293.63600122
2293.82912375
2294.02224438
2294.21536310
2294.40847992
2294.60159484
2294.79470786
2294.98781897
2295.18092819
2295.37403550
2295.56714091
2295.76024441
2295.95334602
2296.14644572
2296.33954352
2296.53263942
2296.72573342
2296.91882551
2297.11191571
2297.30500400
2297.49809039
2297.69117488
2297.88425746
2298.07733814
2298.27041693
2298.46349381
2298.65656878
2298.84964186
2299.04271303
2299.23578230
2299.42884967
2299.62191514
2299.81497870
2300.00804037
2300.20110013
2300.39415799
2300.58721395
2300.78026800
2300.97332015
2301.16637041
2301.35941876
2301.55246520
2301.74550975
2301.93855239
2302.13159313
2302.32463197
2302.51766891
2302.71070394
2302.90373708
2303.09676831
2303.28979764
2303.48282507
2303.67585059
2303.86887421
2304.06189594
2304.25491576
2304.44793367
2304.64094969
2304.83396380
2305.02697601
2305.21998632
2305.41299473
2305.60600123
2305.79900584
2305.99200854
2306.18500934
2306.37800824
2306.57100523
2306.76400032
2306.95699352
2307.14998481
2307.34297419
2307.53596168
2307.72894726
2307.92193094
2308.11491272
2308.30789260
2308.50087057
2308.69384665
2308.88682082
2309.07979309
2309.27276346
2309.46573192
2309.65869848
2309.85166315
2310.04462591
2310.23758676
2310.43054572
2310.62350277
2310.81645792
2311.00941117
2311.20236252
2311.39531196
2311.58825951
2311.78120515
2311.97414889
2312.16709073
2312.36003066
2312.55296869
2312.74590483
2312.93883906
2313.13177138
2313.32470181
2313.51763033
2313.71055695
2313.90348167
2314.09640449
2314.28932540
2314.48224442
2314.67516153
2314.86807674
2315.06099005
2315.25390145
2315.44681095
2315.63971856
2315.83262426
2316.02552805
2316.21842995
2316.41132994
2316.60422803
2316.79712422
2316.99001851
2317.18291089
2317.37580138
2317.56868996
2317.76157664
2317.95446142
2318.14734429
2318.34022526
2318.53310434
2318.72598151
2318.91885677
2319.11173014
2319.30460160
2319.49747116
2319.69033882
2319.88320458
2320.07606843
2320.26893039
2320.46179044
2320.65464859
2320.84750484
2321.04035918
2321.23321162
2321.42606217
2321.61891081
2321.81175754
2322.00460238
2322.19744531
2322.39028634
2322.58312547
2322.77596270
2322.96879802
2323.16163145
2323.35446297
2323.54729259
2323.74012031
2323.93294612
2324.12577003
2324.31859205
2324.51141216
2324.70423036
2324.89704667
2325.08986107
2325.28267357
2325.47548417
2325.66829287
2325.86109966
2326.05390456
2326.24670755
2326.43950864
2326.63230783
2326.82510511
2327.01790049
2327.21069398
2327.40348556
2327.59627523
2327.78906301
2327.98184888
2328.17463285
2328.36741492
2328.56019509
2328.75297335
2328.94574972
2329.13852418
2329.33129674
2329.52406740
2329.71683615
2329.90960300
2330.10236796
2330.29513100
2330.48789215
2330.68065140
2330.87340874
2331.06616418
2331.25891772
2331.45166936
2331.64441909
2331.83716693
2332.02991286
2332.22265689
2332.41539902
2332.60813924
2332.80087756
2332.99361399
2333.18634850
2333.37908112
2333.57181184
2333.76454065
2333.95726756
2334.14999257
2334.34271568
2334.53543688
2334.72815619
2334.92087359
2335.11358909
2335.30630269
2335.49901438
2335.69172417
2335.88443207
2336.07713805
2336.26984214
2336.46254433
2336.65524461
2336.84794299
2337.04063947
2337.23333405
2337.42602672
2337.61871750
2337.81140637
2338.00409334
2338.19677841
2338.38946157
2338.58214283
2338.77482220
2338.96749965
2339.16017521
2339.35284887
2339.54552062
2339.73819047
2339.93085842
2340.12352447
2340.31618861
2340.50885086
2340.70151120
2340.89416964
2341.08682618
2341.27948081
2341.47213354
2341.66478438
2341.85743330
2342.05008033
2342.24272546
2342.43536868
2342.62801000
2342.82064942
2343.01328694
2343.20592255
2343.39855627
2343.59118808
2343.78381799
2343.97644600
2344.16907210
2344.36169630
2344.55431861
2344.74693900
2344.93955750
2345.13217410
2345.32478879
2345.51740158
2345.71001247
2345.90262146
2346.09522854
2346.28783373
2346.48043701
2346.67303839
2346.86563787
2347.05823544
2347.25083111
2347.44342489
2347.63601675
2347.82860672
2348.02119479
2348.21378095
2348.40636521
2348.59894757
2348.79152803
2348.98410658
2349.17668324
2349.36925799
2349.56183084
2349.75440179
2349.94697083
2350.13953797
2350.33210322
2350.52466655
2350.71722799
2350.90978753
2351.10234516
2351.29490089
2351.48745472
2351.68000665
2351.87255667
2352.06510480
2352.25765102
2352.45019534
2352.64273776
2352.83527827
2353.02781688
2353.22035360
2353.41288840
2353.60542131
2353.79795232
2353.99048142
2354.18300862
2354.37553392
2354.56805732
2354.76057881
2354.95309841
2355.14561610
2355.33813189
2355.53064577
2355.72315776
2355.91566784
2356.10817602
2356.30068230
2356.49318668
2356.68568916
2356.87818973
2357.07068840
2357.26318517
2357.45568004
2357.64817300
2357.84066407
2358.03315323
2358.22564049
2358.41812584
2358.61060930
2358.80309085
2358.99557050
2359.18804825
2359.38052410
2359.57299805
2359.76547009
2359.95794023
2360.15040847
2360.34287481
2360.53533924
2360.72780178
2360.92026241
2361.11272114
2361.30517796
2361.49763289
2361.69008591
2361.88253703
2362.07498625
2362.26743357
2362.45987899
2362.65232250
2362.84476411
2363.03720382
2363.22964163
2363.42207753
2363.61451154
2363.80694364
2363.99937384
2364.19180213
2364.38422853
2364.57665302
2364.76907561
2364.96149630
2365.15391509
2365.34633198
2365.53874696
2365.73116004
2365.92357122
2366.11598050
2366.30838787
2366.50079335
2366.69319692
2366.88559859
2367.07799835
2367.27039622
2367.46279218
2367.65518624
2367.84757840
2368.03996866
2368.23235702
2368.42474347
2368.61712802
2368.80951067
2369.00189142
2369.19427026
2369.38664721
2369.57902225
2369.77139539
2369.96376662
2370.15613596
2370.34850339
2370.54086892
2370.73323255
2370.92559428
2371.11795411
2371.31031203
2371.50266805
2371.69502217
2371.88737439
2372.07972470
2372.27207312
2372.46441963
2372.65676424
2372.84910694
2373.04144775
2373.23378665
2373.42612365
2373.61845875
2373.81079195
2374.00312325
2374.19545264
2374.38778013
2374.58010572
2374.77242941
2374.96475119
2375.15707108
2375.34938906
2375.54170514
2375.73401931
2375.92633159
2376.11864196
2376.31095043
2376.50325700
2376.69556167
2376.88786444
2377.08016530
2377.27246426
2377.46476132
2377.65705648
2377.84934973
2378.04164109
2378.23393054
2378.42621809
2378.61850373
2378.81078748
