3148.41855472
3148.80811851
3149.19768270
3149.58724730
3149.97681231
3150.36637773
3150.75594356
3151.14550980
3151.53507646
3151.92464352
3152.31421099
3152.70377887
3153.09334716
3153.48291586
3153.87248497
3154.26205450
3154.65162443
3155.04119477
3155.43076552
3155.82033668
3156.20990825
3156.59948023
3156.98905262
3157.37862543
3157.76819864
3158.15777226
3158.54734629
3158.93692073
3159.32649558
3159.71607084
3160.10564652
3160.49522260
3160.88479909
3161.27437599
3161.66395330
3162.05353102
3162.44310915
3162.83268770
3163.22226665
3163.61184601
3164.00142578
3164.39100596
3164.78058655
3165.17016755
3165.55974896
3165.94933079
3166.33891302
3166.72849566
3167.11807871
3167.50766217
3167.89724604
3168.28683032
3168.67641502
3169.06600012
3169.45558563
3169.84517155
3170.23475788
3170.62434462
3171.01393177
3171.40351933
3171.79310731
3172.18269569
3172.57228448
3172.96187368
3173.35146329
3173.74105331
3174.13064374
3174.52023459
3174.90982584
3175.29941750
3175.68900957
3176.07860205
3176.46819494
3176.85778824
3177.24738196
3177.63697608
3178.02657061
3178.41616555
3178.80576090
3179.19535666
3179.58495283
3179.97454941
3180.36414641
3180.75374381
3181.14334162
3181.53293984
3181.92253847
3182.31213751
3182.70173696
3183.09133683
3183.48093710
3183.87053778
3184.26013887
3184.64974037
3185.03934228
3185.42894460
3185.81854733
3186.20815048
3186.59775403
3186.98735799
3187.37696236
3187.76656714
3188.15617233
3188.54577793
3188.93538395
3189.32499037
3189.71459720
3190.10420444
3190.49381209
3190.88342015
3191.27302862
3191.66263751
3192.05224680
3192.44185650
3192.83146661
3193.22107713
3193.61068806
3194.00029940
3194.38991115
3194.77952332
3195.16913589
3195.55874887
3195.94836226
3196.33797606
3196.72759027
3197.11720489
3197.50681993
3197.89643537
3198.28605122
3198.67566748
3199.06528415
3199.45490123
3199.84451872
3200.23413662
3200.62375494
3201.01337366
3201.40299279
3201.79261233
3202.18223228
3202.57185264
3202.96147341
3203.35109460
3203.74071619
3204.13033819
3204.51996060
3204.90958342
3205.29920665
3205.68883029
3206.07845435
3206.46807881
3206.85770368
3207.24732896
3207.63695465
3208.02658075
3208.41620726
3208.80583418
3209.19546152
3209.58508926
3209.97471741
3210.36434597
3210.75397494
3211.14360432
3211.53323411
3211.92286432
3212.31249493
3212.70212595
3213.09175738
3213.48138922
3213.87102147
3214.26065413
3214.65028721
3215.03992069
3215.42955458
3215.81918888
3216.20882359
3216.59845871
3216.98809424
3217.37773018
3217.76736654
3218.15700330
3218.54664047
3218.93627805
3219.32591604
3219.71555444
3220.10519325
3220.49483248
3220.88447211
3221.27411215
3221.66375260
3222.05339346
3222.44303473
3222.83267641
3223.22231850
3223.61196101
3224.00160392
3224.39124724
3224.78089097
3225.17053511
3225.56017966
3225.94982462
3226.33947000
3226.72911578
3227.11876197
3227.50840857
3227.89805558
3228.28770300
3228.67735083
3229.06699908
3229.45664773
3229.84629679
3230.23594626
3230.62559614
3231.01524643
3231.40489713
3231.79454824
3232.18419977
3232.57385170
3232.96350404
3233.35315679
3233.74280995
3234.13246352
3234.52211750
3234.91177190
3235.30142670
3235.69108191
3236.08073753
3236.47039356
3236.86005000
3237.24970685
3237.63936412
3238.02902179
3238.41867987
3238.80833836
3239.19799726
3239.58765657
3239.97731629
3240.36697642
3240.75663697
3241.14629792
3241.53595928
3241.92562105
3242.31528323
3242.70494582
3243.09460882
3243.48427224
3243.87393606
3244.26360029
3244.65326493
3245.04292998
3245.43259544
3245.82226131
3246.21192759
3246.60159429
3246.99126139
3247.38092890
3247.77059682
3248.16026515
3248.54993389
3248.93960304
3249.32927261
3249.71894258
3250.10861296
3250.49828375
3250.88795495
3251.27762656
3251.66729858
3252.05697102
3252.44664386
3252.83631711
3253.22599077
3253.61566484
3254.00533932
3254.39501421
3254.78468951
3255.17436523
3255.56404135
3255.95371788
3256.34339482
3256.73307217
3257.12274993
3257.51242810
3257.90210669
3258.29178568
3258.68146508
3259.07114489
3259.46082511
3259.85050574
3260.24018678
3260.62986824
3261.01955010
3261.40923237
3261.79891505
3262.18859814
3262.57828164
3262.96796555
3263.35764987
3263.74733461
3264.13701975
3264.52670530
3264.91639126
3265.30607763
3265.69576441
3266.08545160
3266.47513921
3266.86482722
3267.25451564
3267.64420447
3268.03389371
3268.42358336
3268.81327342
3269.20296389
3269.59265478
3269.98234607
3270.37203777
3270.76172988
3271.15142240
3271.54111533
3271.93080867
3272.32050243
3272.71019659
3273.09989116
3273.48958614
3273.87928153
3274.26897733
3274.65867354
3275.04837017
3275.43806720
3275.82776464
3276.21746249
3276.60716075
3276.99685942
3277.38655850
3277.77625799
3278.16595790
3278.55565821
3278.94535893
3279.33506006
3279.72476160
3280.11446355
3280.50416591
3280.89386869
3281.28357187
3281.67327546
3282.06297946
3282.45268387
3282.84238869
3283.23209392
3283.62179957
3284.01150562
3284.40121208
3284.79091895
3285.18062623
3285.57033392
3285.96004202
3286.34975053
3286.73945946
3287.12916879
3287.51887853
3287.90858868
3288.29829924
3288.68801021
3289.07772159
3289.46743339
3289.85714559
3290.24685820
3290.63657122
3291.02628465
3291.41599849
3291.80571274
3292.19542740
3292.58514248
3292.97485796
3293.36457385
3293.75429015
3294.14400686
3294.53372398
3294.92344151
3295.31315946
3295.70287781
3296.09259657
3296.48231574
3296.87203532
3297.26175531
3297.65147571
3298.04119653
3298.43091775
3298.82063938
3299.21036142
3299.60008387
3299.98980673
3300.37953000
3300.76925368
3301.15897778
3301.54870228
3301.93842719
3302.32815251
3302.71787824
3303.10760438
3303.49733093
3303.88705790
3304.27678527
3304.66651305
3305.05624124
3305.44596984
3305.83569885
3306.22542827
3306.61515811
3307.00488835
3307.39461900
3307.78435006
3308.17408153
3308.56381341
3308.95354570
3309.34327840
3309.73301152
3310.12274504
3310.51247897
3310.90221331
3311.29194806
3311.68168322
3312.07141879
3312.46115478
3312.85089117
3313.24062797
3313.63036518
3314.02010280
3314.40984083
3314.79957927
3315.18931813
3315.57905739
3315.96879706
3316.35853714
3316.74827763
3317.13801853
3317.52775984
3317.91750156
3318.30724370
3318.69698624
3319.08672919
3319.47647255
3319.86621632
3320.25596050
3320.64570509
3321.03545010
3321.42519551
3321.81494133
3322.20468756
3322.59443420
3322.98418125
3323.37392871
3323.76367658
3324.15342487
3324.54317356
3324.93292266
3325.32267217
3325.71242209
3326.10217242
3326.49192316
3326.88167432
3327.27142588
3327.66117785
3328.05093023
3328.44068302
3328.83043622
3329.22018983
3329.60994386
3329.99969829
3330.38945313
3330.77920838
3331.16896404
3331.55872011
3331.94847659
3332.33823348
3332.72799079
3333.11774850
3333.50750662
3333.89726515
3334.28702409
3334.67678344
3335.06654320
3335.45630338
3335.84606396
3336.23582495
3336.62558635
3337.01534816
3337.40511038
3337.79487301
3338.18463606
3338.57439951
3338.96416337
3339.35392764
3339.74369232
3340.13345741
3340.52322291
3340.91298882
3341.30275515
3341.69252188
3342.08228902
3342.47205657
3342.86182453
3343.25159290
3343.64136168
3344.03113088
3344.42090048
3344.81067049
3345.20044091
3345.59021174
3345.97998298
3346.36975463
3346.75952670
3347.14929917
3347.53907205
3347.92884534
3348.31861904
3348.70839315
3349.09816767
3349.48794260
3349.87771795
3350.26749370
3350.65726986
3351.04704643
3351.43682341
3351.82660080
3352.21637860
3352.60615682
3352.99593544
3353.38571447
3353.77549391
3354.16527376
3354.55505402
3354.94483469
3355.33461577
3355.72439727
3356.11417917
3356.50396148
3356.89374420
3357.28352733
3357.67331087
3358.06309482
3358.45287919
3358.84266396
3359.23244914
3359.62223473
3360.01202073
3360.40180714
3360.79159396
3361.18138120
3361.57116884
3361.96095689
3362.35074535
3362.74053422
3363.13032350
3363.52011319
3363.90990329
3364.29969381
3364.68948473
3365.07927606
3365.46906780
3365.85885995
3366.24865251
3366.63844548
3367.02823887
3367.41803266
3367.80782686
3368.19762147
3368.58741649
3368.97721192
3369.36700776
3369.75680402
3370.14660068
3370.53639775
3370.92619523
3371.31599312
3371.70579142
3372.09559013
3372.48538925
3372.87518879
3373.26498873
3373.65478908
3374.04458984
3374.43439101
3374.82419259
3375.21399458
3375.60379699
3375.99359980
3376.38340302
3376.77320665
3377.16301069
3377.55281514
3377.94262000
3378.33242528
3378.72223096
3379.11203705
3379.50184355
3379.89165046
3380.28145778
3380.67126551
3381.06107365
3381.45088221
3381.84069117
3382.23050054
3382.62031032
3383.01012051
3383.39993111
3383.78974212
3384.17955355
3384.56936538
3384.95917762
3385.34899027
3385.73880333
3386.12861680
3386.51843068
3386.90824498
3387.29805968
3387.68787479
3388.07769031
3388.46750624
3388.85732258
3389.24713933
3389.63695649
3390.02677407
3390.41659205
3390.80641044
3391.19622924
3391.58604845
3391.97586807
3392.36568810
3392.75550855
3393.14532940
3393.53515066
3393.92497233
3394.31479441
3394.70461690
3395.09443980
3395.48426312
3395.87408684
3396.26391097
3396.65373551
3397.04356046
3397.43338582
3397.82321159
3398.21303777
3398.60286437
3398.99269137
3399.38251878
3399.77234660
3400.16217483
3400.55200347
3400.94183252
3401.33166199
3401.72149186
3402.11132214
3402.50115283
3402.89098393
3403.28081544
3403.67064736
3404.06047969
3404.45031244
3404.84014559
3405.22997915
3405.61981312
3406.00964750
3406.39948229
3406.78931749
3407.17915311
3407.56898913
3407.95882556
3408.34866240
3408.73849965
3409.12833731
3409.51817538
3409.90801387
3410.29785276
3410.68769206
3411.07753177
3411.46737189
3411.85721242
3412.24705336
3412.63689471
3413.02673648
3413.41657865
3413.80642123
3414.19626422
3414.58610762
3414.97595143
3415.36579565
3415.75564029
3416.14548533
3416.53533078
3416.92517664
3417.31502291
3417.70486959
3418.09471668
3418.48456419
3418.87441210
3419.26426042
3419.65410915
3420.04395829
3420.43380784
3420.82365780
3421.21350817
3421.60335896
3421.99321015
3422.38306175
3422.77291376
3423.16276618
3423.55261901
3423.94247225
3424.33232591
3424.72217997
3425.11203444
3425.50188932
3425.89174461
3426.28160031
3426.67145642
3427.06131295
3427.45116988
3427.84102722
3428.23088497
3428.62074313
3429.01060170
3429.40046068
3429.79032007
3430.18017988
3430.57004009
3430.95990071
3431.34976174
3431.73962318
3432.12948503
3432.51934729
3432.90920997
3433.29907305
3433.68893654
3434.07880044
3434.46866475
3434.85852947
3435.24839460
3435.63826015
3436.02812610
3436.41799246
3436.80785923
3437.19772641
3437.58759400
3437.97746200
3438.36733041
3438.75719924
3439.14706847
3439.53693811
3439.92680816
3440.31667862
3440.70654949
3441.09642077
3441.48629247
3441.87616457
3442.26603708
3442.65591000
3443.04578333
3443.43565707
3443.82553122
3444.21540579
3444.60528076
3444.99515614
3445.38503193
3445.77490813
3446.16478474
3446.55466176
3446.94453919
3447.33441704
3447.72429529
3448.11417395
3448.50405302
3448.89393250
3449.28381239
3449.67369269
3450.06357341
3450.45345453
3450.84333606
3451.23321800
3451.62310035
3452.01298311
3452.40286628
3452.79274987
3453.18263386
3453.57251826
3453.96240307
3454.35228829
3454.74217392
3455.13205996
3455.52194641
3455.91183328
3456.30172055
3456.69160823
3457.08149632
3457.47138482
3457.86127373
3458.25116305
3458.64105279
3459.03094293
3459.42083348
3459.81072444
3460.20061581
3460.59050759
3460.98039978
3461.37029239
3461.76018540
3462.15007882
3462.53997265
3462.92986689
3463.31976154
3463.70965660
3464.09955207
3464.48944796
3464.87934425
3465.26924095
3465.65913806
3466.04903558
3466.43893351
3466.82883185
3467.21873061
3467.60862977
3467.99852934
3468.38842932
3468.77832971
3469.16823051
3469.55813172
3469.94803335
3470.33793538
3470.72783782
3471.11774067
3471.50764393
3471.89754760
3472.28745168
3472.67735617
3473.06726108
3473.45716639
3473.84707211
3474.23697824
3474.62688478
3475.01679173
3475.40669909
3475.79660687
3476.18651505
3476.57642364
3476.96633264
3477.35624205
3477.74615187
3478.13606210
3478.52597275
3478.91588380
3479.30579526
3479.69570713
3480.08561941
3480.47553210
3480.86544520
3481.25535871
3481.64527264
3482.03518697
3482.42510171
3482.81501686
3483.20493242
3483.59484839
3483.98476477
3484.37468157
3484.76459877
3485.15451638
3485.54443440
3485.93435283
3486.32427167
3486.71419092
3487.10411059
3487.49403066
3487.88395114
3488.27387203
3488.66379333
3489.05371504
3489.44363716
3489.83355969
3490.22348264
3490.61340599
3491.00332975
3491.39325392
3491.78317850
3492.17310349
3492.56302889
3492.95295471
3493.34288093
3493.73280756
3494.12273460
3494.51266205
3494.90258991
3495.29251818
3495.68244687
3496.07237596
3496.46230546
3496.85223537
3497.24216569
3497.63209642
3498.02202756
3498.41195911
3498.80189108
3499.19182345
3499.58175623
3499.97168942
3500.36162302
3500.75155703
3501.14149145
3501.53142629
3501.92136153
3502.31129718
3502.70123324
3503.09116971
3503.48110659
3503.87104388
3504.26098159
3504.65091970
3505.04085822
3505.43079715
3505.82073649
3506.21067624
3506.60061640
3506.99055697
3507.38049796
3507.77043935
3508.16038115
3508.55032336
3508.94026598
3509.33020901
3509.72015245
3510.11009631
3510.50004057
3510.88998524
3511.27993032
3511.66987581
3512.05982171
3512.44976802
3512.83971475
3513.22966188
3513.61960942
3514.00955737
3514.39950573
3514.78945450
3515.17940368
3515.56935327
3515.95930328
3516.34925369
3516.73920451
3517.12915574
3517.51910738
3517.90905943
3518.29901189
3518.68896477
3519.07891805
3519.46887174
3519.85882584
3520.24878035
3520.63873527
3521.02869060
3521.41864635
3521.80860250
3522.19855906
3522.58851603
3522.97847341
3523.36843120
3523.75838940
3524.14834801
3524.53830704
3524.92826647
3525.31822631
3525.70818656
3526.09814722
3526.48810829
3526.87806977
3527.26803167
3527.65799397
3528.04795668
3528.43791980
3528.82788333
3529.21784727
3529.60781162
3529.99777639
3530.38774156
3530.77770714
3531.16767313
3531.55763953
3531.94760634
3532.33757356
3532.72754119
3533.11750924
3533.50747769
3533.89744655
3534.28741582
3534.67738550
3535.06735559
3535.45732609
3535.84729701
3536.23726833
3536.62724006
3537.01721220
3537.40718475
3537.79715771
3538.18713108
3538.57710487
3538.96707906
3539.35705366
3539.74702867
3540.13700409
3540.52697992
3540.91695616
3541.30693281
3541.69690988
3542.08688735
3542.47686523
3542.86684352
3543.25682222
3543.64680133
3544.03678085
3544.42676079
3544.81674113
3545.20672188
3545.59670304
3545.98668461
3546.37666659
3546.76664898
3547.15663179
3547.54661500
3547.93659862
3548.32658265
3548.71656709
3549.10655194
3549.49653720
3549.88652287
3550.27650896
3550.66649545
3551.05648235
3551.44646966
3551.83645738
3552.22644551
3552.61643405
3553.00642301
3553.39641237
3553.78640214
3554.17639232
3554.56638291
3554.95637391
3555.34636532
3555.73635715
3556.12634938
3556.51634202
3556.90633507
3557.29632853
3557.68632240
3558.07631668
3558.46631137
3558.85630648
3559.24630199
3559.63629791
3560.02629424
3560.41629098
3560.80628813
3561.19628569
3561.58628367
3561.97628205
3562.36628084
3562.75628004
3563.14627965
3563.53627967
3563.92628010
3564.31628095
3564.70628220
3565.09628386
3565.48628593
3565.87628841
3566.26629130
3566.65629460
3567.04629831
3567.43630244
3567.82630697
3568.21631191
3568.60631726
3568.99632302
3569.38632919
3569.77633577
3570.16634277
3570.55635017
3570.94635798
3571.33636620
3571.72637483
3572.11638387
3572.50639332
3572.89640319
3573.28641346
3573.67642414
3574.06643523
3574.45644673
3574.84645864
3575.23647096
3575.62648369
3576.01649684
3576.40651039
3576.79652435
3577.18653872
3577.57655350
3577.96656869
3578.35658429
3578.74660031
3579.13661673
3579.52663356
3579.91665080
3580.30666845
3580.69668651
3581.08670498
3581.47672387
3581.86674316
3582.25676286
3582.64678297
3583.03680349
3583.42682442
3583.81684576
3584.20686752
3584.59688968
3584.98691225
3585.37693523
3585.76695862
3586.15698242
3586.54700663
3586.93703125
3587.32705629
3587.71708173
3588.10710758
3588.49713384
3588.88716051
3589.27718759
3589.66721508
3590.05724299
3590.44727130
3590.83730002
3591.22732915
3591.61735869
3592.00738864
3592.39741900
3592.78744978
3593.17748096
3593.56751255
3593.95754455
3594.34757696
3594.73760978
3595.12764301
3595.51767665
3595.90771071
3596.29774517
3596.68778004
3597.07781532
3597.46785101
3597.85788711
3598.24792362
3598.63796055
3599.02799788
3599.41803562
3599.80807377
3600.19811233
3600.58815130
3600.97819068
3601.36823048
3601.75827068
3602.14831129
3602.53835231
3602.92839374
3603.31843558
3603.70847783
3604.09852049
3604.48856357
3604.87860705
3605.26865094
3605.65869524
3606.04873995
3606.43878507
3606.82883060
3607.21887655
3607.60892290
3607.99896966
3608.38901683
3608.77906441
3609.16911240
3609.55916080
3609.94920962
3610.33925884
3610.72930847
3611.11935851
3611.50940896
3611.89945982
3612.28951109
3612.67956277
3613.06961487
3613.45966737
3613.84972028
3614.23977360
3614.62982733
3615.01988147
3615.40993602
3615.79999099
3616.19004636
3616.58010214
3616.97015833
3617.36021493
3617.75027194
3618.14032936
3618.53038720
3618.92044544
3619.31050409
3619.70056315
3620.09062262
3620.48068250
3620.87074279
3621.26080349
3621.65086461
3622.04092613
3622.43098806
3622.82105040
3623.21111315
3623.60117631
3623.99123988
3624.38130387
3624.77136826
3625.16143306
