3819.69438552
3820.08458124
3820.47477397
3820.86496370
3821.25515044
3821.64533420
3822.03551495
3822.42569272
3822.81586750
3823.20603928
3823.59620807
3823.98637387
3824.37653668
3824.76669649
3825.15685331
3825.54700714
3825.93715798
3826.32730583
3826.71745068
3827.10759255
3827.49773142
3827.88786730
3828.27800018
3828.66813008
3829.05825698
3829.44838089
3829.83850181
3830.22861974
3830.61873467
3831.00884662
3831.39895557
3831.78906153
3832.17916449
3832.56926447
3832.95936145
3833.34945544
3833.73954644
3834.12963445
3834.51971946
3834.90980148
3835.29988052
3835.68995655
3836.08002960
3836.47009966
3836.86016672
3837.25023079
3837.64029187
3838.03034996
3838.42040505
3838.81045715
3839.20050626
3839.59055238
3839.98059551
3840.37063564
3840.76067279
3841.15070694
3841.54073810
3841.93076626
3842.32079144
3842.71081362
3843.10083281
3843.49084901
3843.88086222
3844.27087243
3844.66087966
3845.05088389
3845.44088513
3845.83088337
3846.22087863
3846.61087089
3847.00086016
3847.39084644
3847.78082973
3848.17081002
3848.56078733
3848.95076164
3849.34073295
3849.73070128
3850.12066662
3850.51062896
3850.90058831
3851.29054467
3851.68049804
3852.07044841
3852.46039579
3852.85034018
3853.24028158
3853.63021999
3854.02015541
3854.41008783
3854.80001726
3855.18994370
3855.57986714
3855.96978760
3856.35970506
3856.74961953
3857.13953101
3857.52943950
3857.91934499
3858.30924750
3858.69914701
3859.08904353
3859.47893705
3859.86882759
3860.25871513
3860.64859968
3861.03848124
3861.42835981
3861.81823538
3862.20810797
3862.59797756
3862.98784416
3863.37770776
3863.76756838
3864.15742600
3864.54728063
3864.93713227
3865.32698092
3865.71682657
3866.10666923
3866.49650891
3866.88634558
3867.27617927
3867.66600997
3868.05583767
3868.44566238
3868.83548410
3869.22530283
3869.61511856
3870.00493130
3870.39474105
3870.78454781
3871.17435158
3871.56415235
3871.95395014
3872.34374493
3872.73353673
3873.12332553
3873.51311135
3873.90289417
3874.29267400
3874.68245084
3875.07222469
3875.46199554
3875.85176341
3876.24152828
3876.63129016
3877.02104904
3877.41080494
3877.80055784
3878.19030775
3878.58005467
3878.96979860
3879.35953953
3879.74927748
3880.13901243
3880.52874438
3880.91847335
3881.30819933
3881.69792231
3882.08764230
3882.47735930
3882.86707331
3883.25678432
3883.64649234
3884.03619737
3884.42589941
3884.81559846
3885.20529452
3885.59498758
3885.98467765
3886.37436473
3886.76404881
3887.15372991
3887.54340801
3887.93308312
3888.32275524
3888.71242437
3889.10209050
3889.49175365
3889.88141380
3890.27107096
3890.66072512
3891.05037630
3891.44002448
3891.82966967
3892.21931187
3892.60895108
3892.99858729
3893.38822052
3893.77785075
3894.16747799
3894.55710223
3894.94672349
3895.33634175
3895.72595702
3896.11556930
3896.50517859
3896.89478488
3897.28438818
3897.67398850
3898.06358581
3898.45318014
3898.84277148
3899.23235982
3899.62194517
3900.01152753
3900.40110690
3900.79068327
3901.18025665
3901.56982704
3901.95939444
3902.34895885
3902.73852026
3903.12807869
3903.51763412
3903.90718656
3904.29673600
3904.68628246
3905.07582592
3905.46536639
3905.85490387
3906.24443836
3906.63396985
3907.02349836
3907.41302387
3907.80254639
3908.19206591
3908.58158245
3908.97109599
3909.36060654
3909.75011410
3910.13961867
3910.52912024
3910.91861883
3911.30811442
3911.69760702
3912.08709662
3912.47658324
3912.86606686
3913.25554749
3913.64502513
3914.03449978
3914.42397143
3914.81344009
3915.20290576
3915.59236844
3915.98182813
3916.37128483
3916.76073853
3917.15018924
3917.53963696
3917.92908169
3918.31852342
3918.70796216
3919.09739791
3919.48683067
3919.87626044
3920.26568721
3920.65511100
3921.04453179
3921.43394959
3921.82336439
3922.21277621
3922.60218503
3922.99159086
3923.38099370
3923.77039355
3924.15979040
3924.54918427
3924.93857514
3925.32796302
3925.71734790
3926.10672980
3926.49610870
3926.88548461
3927.27485753
3927.66422746
3928.05359439
3928.44295833
3928.83231929
3929.22167724
3929.61103221
3930.00038419
3930.38973317
3930.77907916
3931.16842216
3931.55776217
3931.94709918
3932.33643320
3932.72576423
3933.11509227
3933.50441732
3933.89373938
3934.28305844
3934.67237451
3935.06168759
3935.45099767
3935.84030477
3936.22960887
3936.61890998
3937.00820810
3937.39750323
3937.78679536
3938.17608451
3938.56537066
3938.95465382
3939.34393398
3939.73321116
3940.12248534
3940.51175653
3940.90102473
3941.29028994
3941.67955215
3942.06881138
3942.45806761
3942.84732085
3943.23657109
3943.62581835
3944.01506261
3944.40430388
3944.79354216
3945.18277745
3945.57200974
3945.96123904
3946.35046536
3946.73968867
3947.12890900
3947.51812634
3947.90734068
3948.29655203
3948.68576039
3949.07496576
3949.46416813
3949.85336751
3950.24256390
3950.63175730
3951.02094771
3951.41013512
3951.79931955
3952.18850098
3952.57767942
3952.96685486
3953.35602732
3953.74519678
3954.13436325
3954.52352673
3954.91268722
3955.30184471
3955.69099922
3956.08015073
3956.46929925
3956.85844477
3957.24758731
3957.63672685
3958.02586340
3958.41499696
3958.80412753
3959.19325510
3959.58237969
3959.97150128
3960.36061988
3960.74973548
3961.13884810
3961.52795772
3961.91706435
3962.30616799
3962.69526864
3963.08436629
3963.47346095
3963.86255263
3964.25164130
3964.64072699
3965.02980969
3965.41888939
3965.80796610
3966.19703982
3966.58611055
3966.97517828
3967.36424302
3967.75330477
3968.14236353
3968.53141930
3968.92047207
3969.30952186
3969.69856865
3970.08761245
3970.47665325
3970.86569107
3971.25472589
3971.64375772
3972.03278656
3972.42181241
3972.81083526
3973.19985513
3973.58887200
3973.97788588
3974.36689676
3974.75590466
3975.14490956
3975.53391147
3975.92291039
3976.31190632
3976.70089925
3977.08988920
3977.47887615
3977.86786010
3978.25684107
3978.64581905
3979.03479403
3979.42376602
3979.81273502
3980.20170103
3980.59066404
3980.97962406
3981.36858109
3981.75753513
3982.14648618
3982.53543424
3982.92437930
3983.31332137
3983.70226045
3984.09119654
3984.48012963
3984.86905973
3985.25798684
3985.64691096
3986.03583209
3986.42475022
3986.81366537
3987.20257752
3987.59148668
3987.98039284
3988.36929602
3988.75819620
3989.14709339
3989.53598759
3989.92487880
3990.31376701
3990.70265224
3991.09153447
3991.48041371
3991.86928995
3992.25816321
3992.64703347
3993.03590074
3993.42476502
3993.81362631
3994.20248460
3994.59133990
3994.98019222
3995.36904153
3995.75788786
3996.14673120
3996.53557154
3996.92440889
3997.31324325
3997.70207462
3998.09090299
3998.47972837
3998.86855076
3999.25737016
3999.64618657
4000.03499999
4000.42381041
4000.81261784
4001.20142228
4001.59022372
4001.97902218
4002.36781764
4002.75661011
4003.14539959
4003.53418608
4003.92296957
4004.31175008
4004.70052759
4005.08930211
4005.47807363
4005.86684217
4006.25560771
4006.64437026
4007.03312982
4007.42188639
4007.81063996
4008.19939055
4008.58813814
4008.97688274
4009.36562434
4009.75436296
4010.14309858
4010.53183121
4010.92056085
4011.30928750
4011.69801115
4012.08673181
4012.47544949
4012.86416416
4013.25287585
4013.64158455
4014.03029025
4014.41899296
4014.80769268
4015.19638941
4015.58508314
4015.97377388
4016.36246163
4016.75114639
4017.13982816
4017.52850694
4017.91718272
4018.30585551
4018.69452531
4019.08319211
4019.47185593
4019.86051675
4020.24917458
4020.63782942
4021.02648127
4021.41513012
4021.80377599
4022.19241886
4022.58105874
4022.96969562
4023.35832952
4023.74696042
4024.13558833
4024.52421325
4024.91283518
4025.30145411
4025.69007006
4026.07868301
4026.46729297
4026.85589993
4027.24450391
4027.63310489
4028.02170288
4028.41029788
4028.79888989
4029.18747890
4029.57606492
4029.96464796
4030.35322799
4030.74180504
4031.13037910
4031.51895016
4031.90751823
4032.29608331
4032.68464540
4033.07320449
4033.46176059
4033.85031370
4034.23886382
4034.62741095
4035.01595509
4035.40449623
4035.79303438
4036.18156954
4036.57010170
4036.95863088
4037.34715706
4037.73568025
4038.12420045
4038.51271766
4038.90123187
4039.28974310
4039.67825133
4040.06675657
4040.45525881
4040.84375807
4041.23225433
4041.62074760
4042.00923788
4042.39772517
4042.78620946
4043.17469077
4043.56316908
4043.95164440
4044.34011672
4044.72858606
4045.11705240
4045.50551575
4045.89397611
4046.28243348
4046.67088785
4047.05933923
4047.44778763
4047.83623302
4048.22467543
4048.61311485
4049.00155127
4049.38998470
4049.77841514
4050.16684259
4050.55526704
4050.94368850
4051.33210697
4051.72052245
4052.10893494
4052.49734444
4052.88575094
4053.27415445
4053.66255497
4054.05095250
4054.43934703
4054.82773857
4055.21612712
4055.60451268
4055.99289525
4056.38127482
4056.76965141
4057.15802500
4057.54639560
4057.93476320
4058.32312782
4058.71148944
4059.09984807
4059.48820371
4059.87655636
4060.26490601
4060.65325268
4061.04159635
4061.42993703
4061.81827471
4062.20660941
4062.59494111
4062.98326982
4063.37159554
4063.75991827
4064.14823800
4064.53655475
4064.92486850
4065.31317925
4065.70148702
4066.08979180
4066.47809358
4066.86639237
4067.25468817
4067.64298098
4068.03127079
4068.41955761
4068.80784144
4069.19612228
4069.58440013
4069.97267499
4070.36094685
4070.74921572
4071.13748160
4071.52574449
4071.91400438
4072.30226128
4072.69051519
4073.07876611
4073.46701404
4073.85525897
4074.24350092
4074.63173987
4075.01997583
4075.40820879
4075.79643877
4076.18466575
4076.57288974
4076.96111074
4077.34932875
4077.73754376
4078.12575579
4078.51396482
4078.90217086
4079.29037390
4079.67857396
4080.06677102
4080.45496509
4080.84315617
4081.23134426
4081.61952935
4082.00771146
4082.39589057
4082.78406669
4083.17223981
4083.56040995
4083.94857709
4084.33674124
4084.72490240
4085.11306057
4085.50121574
4085.88936792
4086.27751712
4086.66566331
4087.05380652
4087.44194674
4087.83008396
4088.21821819
4088.60634943
4088.99447768
4089.38260293
4089.77072519
4090.15884446
4090.54696074
4090.93507403
4091.32318432
4091.71129163
4092.09939594
4092.48749726
4092.87559558
4093.26369092
4093.65178326
4094.03987261
4094.42795897
4094.81604234
4095.20412271
4095.59220010
4095.98027449
4096.36834589
4096.75641429
4097.14447971
4097.53254213
4097.92060156
4098.30865800
4098.69671145
4099.08476190
4099.47280937
4099.86085384
4100.24889532
4100.63693380
4101.02496930
4101.41300180
4101.80103131
4102.18905783
4102.57708136
4102.96510189
4103.35311943
4103.74113399
4104.12914554
4104.51715411
4104.90515969
4105.29316227
4105.68116186
4106.06915846
4106.45715207
4106.84514268
4107.23313030
4107.62111493
4108.00909657
4108.39707522
4108.78505088
4109.17302354
4109.56099321
4109.94895989
4110.33692357
4110.72488427
4111.11284197
4111.50079668
4111.88874840
4112.27669713
4112.66464286
4113.05258561
4113.44052536
4113.82846212
4114.21639588
4114.60432666
4114.99225444
4115.38017923
4115.76810103
4116.15601984
4116.54393565
4116.93184848
4117.31975831
4117.70766515
4118.09556899
4118.48346985
4118.87136771
4119.25926258
4119.64715446
4120.03504335
4120.42292924
4120.81081214
4121.19869206
4121.58656897
4121.97444290
4122.36231384
4122.75018178
4123.13804673
4123.52590869
4123.91376766
4124.30162363
4124.68947661
4125.07732660
4125.46517360
4125.85301761
4126.24085863
4126.62869665
4127.01653168
4127.40436372
4127.79219277
4128.18001882
4128.56784188
4128.95566195
4129.34347903
4129.73129312
4130.11910421
4130.50691232
4130.89471743
4131.28251955
4131.67031867
4132.05811481
4132.44590795
4132.83369810
4133.22148526
4133.60926943
4133.99705060
4134.38482879
4134.77260398
4135.16037618
4135.54814538
4135.93591160
4136.32367482
4136.71143505
4137.09919229
4137.48694654
4137.87469779
4138.26244606
4138.65019133
4139.03793361
4139.42567289
4139.81340919
4140.20114249
4140.58887280
4140.97660012
4141.36432445
4141.75204578
4142.13976412
4142.52747948
4142.91519183
4143.30290120
4143.69060758
4144.07831096
4144.46601135
4144.85370875
4145.24140316
4145.62909457
4146.01678299
4146.40446842
4146.79215086
4147.17983031
4147.56750677
4147.95518023
4148.34285070
4148.73051818
4149.11818266
4149.50584416
4149.89350266
4150.28115817
4150.66881069
4151.05646022
4151.44410675
4151.83175030
4152.21939085
4152.60702841
4152.99466297
4153.38229455
4153.76992313
4154.15754872
4154.54517132
4154.93279093
4155.32040754
4155.70802117
4156.09563180
4156.48323944
4156.87084408
4157.25844574
4157.64604440
4158.03364007
4158.42123275
4158.80882244
4159.19640913
4159.58399283
4159.97157355
4160.35915126
4160.74672599
4161.13429773
4161.52186647
4161.90943222
4162.29699498
4162.68455475
4163.07211152
4163.45966530
4163.84721609
4164.23476389
4164.62230870
4165.00985052
4165.39738934
4165.78492517
4166.17245801
4166.55998786
4166.94751471
4167.33503857
4167.72255944
4168.11007732
4168.49759221
4168.88510410
4169.27261301
4169.66011892
4170.04762184
4170.43512176
4170.82261870
4171.21011264
4171.59760359
4171.98509155
4172.37257652
4172.76005849
4173.14753748
4173.53501347
4173.92248647
4174.30995647
4174.69742349
4175.08488751
4175.47234854
4175.85980658
4176.24726163
4176.63471368
4177.02216275
4177.40960882
4177.79705190
4178.18449198
4178.57192908
4178.95936318
4179.34679429
4179.73422241
4180.12164754
4180.50906967
4180.89648881
4181.28390497
4181.67131812
4182.05872829
4182.44613547
4182.83353965
4183.22094084
4183.60833904
4183.99573425
4184.38312646
4184.77051568
4185.15790191
4185.54528515
4185.93266540
4186.32004266
4186.70741692
4187.09478819
4187.48215647
4187.86952175
4188.25688405
4188.64424335
4189.03159966
4189.41895298
4189.80630331
4190.19365064
4190.58099499
4190.96833634
4191.35567470
4191.74301006
4192.13034244
4192.51767182
4192.90499821
4193.29232161
4193.67964202
4194.06695943
4194.45427386
4194.84158529
4195.22889373
4195.61619917
4196.00350163
4196.39080109
4196.77809756
4197.16539104
4197.55268153
4197.93996902
4198.32725353
4198.71453504
4199.10181356
4199.48908908
4199.87636162
4200.26363116
4200.65089771
4201.03816127
4201.42542184
4201.81267941
4202.19993399
4202.58718559
4202.97443418
4203.36167979
4203.74892241
4204.13616203
4204.52339866
4204.91063230
4205.29786295
4205.68509060
4206.07231526
4206.45953693
4206.84675561
4207.23397130
4207.62118400
4208.00839370
4208.39560041
4208.78280413
4209.17000485
4209.55720259
4209.94439733
4210.33158908
4210.71877784
4211.10596361
4211.49314638
4211.88032617
4212.26750296
4212.65467676
4213.04184756
4213.42901538
4213.81618020
4214.20334203
4214.59050087
4214.97765672
4215.36480957
4215.75195944
4216.13910631
4216.52625019
4216.91339107
4217.30052897
4217.68766387
4218.07479578
4218.46192470
4218.84905063
4219.23617356
4219.62329351
4220.01041046
4220.39752442
4220.78463538
4221.17174336
4221.55884834
4221.94595033
4222.33304933
4222.72014534
4223.10723835
4223.49432837
4223.88141541
4224.26849944
4224.65558049
4225.04265855
4225.42973361
4225.81680568
4226.20387476
4226.59094085
4226.97800394
4227.36506404
4227.75212115
4228.13917527
4228.52622640
4228.91327454
4229.30031968
4229.68736183
4230.07440099
4230.46143715
4230.84847033
4231.23550051
4231.62252770
4232.00955190
4232.39657311
4232.78359132
4233.17060655
4233.55761878
4233.94462802
4234.33163426
4234.71863752
4235.10563778
4235.49263505
4235.87962933
4236.26662062
4236.65360891
4237.04059422
4237.42757653
4237.81455585
4238.20153217
4238.58850551
4238.97547585
4239.36244320
4239.74940756
4240.13636893
4240.52332730
4240.91028269
4241.29723508
4241.68418448
4242.07113088
4242.45807430
4242.84501472
4243.23195215
4243.61888659
4244.00581804
4244.39274649
4244.77967195
4245.16659443
4245.55351390
4245.94043039
4246.32734389
4246.71425439
4247.10116190
4247.48806642
4247.87496795
4248.26186648
4248.64876202
4249.03565457
4249.42254413
4249.80943070
4250.19631428
4250.58319486
4250.97007245
4251.35694705
4251.74381865
4252.13068727
4252.51755289
4252.90441552
4253.29127516
4253.67813181
4254.06498546
4254.45183613
4254.83868380
4255.22552848
4255.61237016
4255.99920886
4256.38604456
4256.77287727
4257.15970699
4257.54653372
4257.93335745
4258.32017820
4258.70699595
4259.09381071
4259.48062247
4259.86743125
4260.25423703
4260.64103982
4261.02783962
4261.41463643
4261.80143024
4262.18822107
4262.57500890
4262.96179374
4263.34857558
4263.73535444
4264.12213030
4264.50890317
4264.89567305
4265.28243994
4265.66920383
4266.05596473
4266.44272265
4266.82947756
4267.21622949
4267.60297843
4267.98972437
4268.37646732
4268.76320728
4269.14994425
4269.53667822
4269.92340920
4270.31013719
4270.69686219
4271.08358420
4271.47030322
4271.85701924
4272.24373227
4272.63044231
4273.01714935
4273.40385341
4273.79055447
4274.17725254
4274.56394762
4274.95063971
4275.33732880
4275.72401491
4276.11069802
4276.49737814
4276.88405526
4277.27072940
4277.65740054
4278.04406869
4278.43073385
4278.81739602
4279.20405519
4279.59071138
4279.97736457
4280.36401477
4280.75066197
4281.13730619
4281.52394741
4281.91058564
4282.29722088
4282.68385313
4283.07048238
4283.45710865
4283.84373192
4284.23035220
4284.61696948
4285.00358378
4285.39019508
4285.77680339
4286.16340871
4286.55001104
4286.93661037
4287.32320671
4287.70980007
4288.09639042
4288.48297779
4288.86956217
4289.25614355
4289.64272194
4290.02929734
4290.41586975
4290.80243916
4291.18900558
4291.57556901
4291.96212945
4292.34868690
4292.73524136
4293.12179282
4293.50834129
4293.89488677
4294.28142926
4294.66796875
4295.05450525
4295.44103876
4295.82756928
4296.21409681
4296.60062134
4296.98714289
4297.37366144
4297.76017700
4298.14668956
4298.53319914
4298.91970572
4299.30620931
4299.69270991
4300.07920752
4300.46570213
4300.85219376
4301.23868239
4301.62516803
4302.01165067
4302.39813033
4302.78460699
4303.17108066
4303.55755134
4303.94401903
4304.33048372
4304.71694543
4305.10340414
4305.48985986
4305.87631258
4306.26276232
4306.64920906
4307.03565281
4307.42209357
4307.80853134
4308.19496611
4308.58139789
4308.96782669
4309.35425248
4309.74067529
4310.12709511
4310.51351193
4310.89992576
4311.28633660
4311.67274445
4312.05914930
4312.44555116
4312.83195004
4313.21834591
4313.60473880
4313.99112870
4314.37751560
4314.76389951
4315.15028043
4315.53665836
4315.92303329
4316.30940523
4316.69577418
4317.08214014
4317.46850311
4317.85486308
4318.24122007
4318.62757406
4319.01392506
4319.40027306
4319.78661808
4320.17296010
4320.55929913
4320.94563517
4321.33196822
4321.71829827
4322.10462534
4322.49094941
4322.87727049
4323.26358857
4323.64990367
4324.03621577
4324.42252488
4324.80883100
4325.19513413
4325.58143426
4325.96773141
4326.35402556
4326.74031672
4327.12660488
4327.51289006
4327.89917224
4328.28545143
4328.67172763
4329.05800084
4329.44427105
4329.83053828
4330.21680251
4330.60306375
4330.98932199
4331.37557725
4331.76182951
4332.14807878
4332.53432506
4332.92056835
4333.30680864
4333.69304594
4334.07928026
4334.46551157
4334.85173990
4335.23796524
4335.62418758
4336.01040693
4336.39662329
4336.78283666
4337.16904703
4337.55525441
4337.94145880
4338.32766020
4338.71385861
4339.10005403
4339.48624645
4339.87243588
4340.25862232
4340.64480577
4341.03098622
4341.41716368
4341.80333815
4342.18950963
4342.57567812
4342.96184361
4343.34800612
4343.73416563
4344.12032215
4344.50647567
4344.89262621
4345.27877375
4345.66491830
4346.05105986
4346.43719843
4346.82333400
4347.20946659
4347.59559618
4347.98172278
4348.36784638
4348.75396700
4349.14008462
4349.52619925
4349.91231089
4350.29841954
4350.68452519
4351.07062786
4351.45672753
4351.84282421
4352.22891789
4352.61500859
4353.00109629
4353.38718100
4353.77326272
4354.15934145
4354.54541718
4354.93148993
4355.31755968
4355.70362643
4356.08969020
4356.47575098
4356.86180876
4357.24786355
4357.63391535
4358.01996416
4358.40600997
4358.79205279
4359.17809263
4359.56412946
4359.95016331
4360.33619417
4360.72222203
4361.10824690
4361.49426878
4361.88028767
4362.26630356
4362.65231646
4363.03832637
4363.42433329
4363.81033722
4364.19633816
4364.58233610
4364.96833105
4365.35432301
4365.74031197
4366.12629795
4366.51228093
4366.89826092
4367.28423792
4367.67021193
4368.05618294
4368.44215097
4368.82811600
4369.21407804
4369.60003708
4369.98599314
4370.37194620
4370.75789627
4371.14384335
4371.52978744
4371.91572853
