3515.07782497
3515.45092337
3515.82404114
3516.19717827
3516.57033475
3516.94351060
3517.31670580
3517.68992037
3518.06315430
3518.43640758
3518.80968023
3519.18297223
3519.55628360
3519.92961433
3520.30296441
3520.67633386
3521.04972266
3521.42313083
3521.79655836
3522.17000524
3522.54347149
3522.91695709
3523.29046206
3523.66398639
3524.03753007
3524.41109312
3524.78467552
3525.15827729
3525.53189842
3525.90553890
3526.27919875
3526.65287795
3527.02657652
3527.40029444
3527.77403173
3528.14778838
3528.52156438
3528.89535975
3529.26917447
3529.64300856
3530.01686201
3530.39073481
3530.76462698
3531.13853850
3531.51246939
3531.88641964
3532.26038924
3532.63437821
3533.00838653
3533.38241422
3533.75646127
3534.13052767
3534.50461344
3534.87871856
3535.25284305
3535.62698690
3536.00115010
3536.37533267
3536.74953459
3537.12375588
3537.49799653
3537.87225653
3538.24653590
3538.62083462
3538.99515271
3539.36949016
3539.74384696
3540.11822313
3540.49261865
3540.86703354
3541.24146779
3541.61592139
3541.99039436
3542.36488669
3542.73939837
3543.11392942
3543.48847982
3543.86304959
3544.23763872
3544.61224720
3544.98687505
3545.36152225
3545.73618882
3546.11087475
3546.48558003
3546.86030468
3547.23504868
3547.60981205
3547.98459478
3548.35939686
3548.73421831
3549.10905911
3549.48391928
3549.85879881
3550.23369769
3550.60861594
3550.98355354
3551.35851051
3551.73348684
3552.10848252
3552.48349757
3552.85853197
3553.23358574
3553.60865887
3553.98375135
3554.35886320
3554.73399440
3555.10914497
3555.48431490
3555.85950418
3556.23471283
3556.60994083
3556.98518820
3557.36045493
3557.73574101
3558.11104646
3558.48637126
3558.86171543
3559.23707896
3559.61246184
3559.98786409
3560.36328569
3560.73872666
3561.11418699
3561.48966667
3561.86516572
3562.24068413
3562.61622189
3562.99177902
3563.36735550
3563.74295135
3564.11856656
3564.49420112
3564.86985505
3565.24552833
3565.62122098
3565.99693299
3566.37266435
3566.74841508
3567.12418516
3567.49997461
3567.87578342
3568.25161158
3568.62745911
3569.00332599
3569.37921224
3569.75511785
3570.13104281
3570.50698714
3570.88295082
3571.25893387
3571.63493628
3572.01095804
3572.38699917
3572.76305966
3573.13913950
3573.51523871
3573.89135727
3574.26749520
3574.64365249
3575.01982913
3575.39602514
3575.77224050
3576.14847523
3576.52472932
3576.90100276
3577.27729557
3577.65360773
3578.02993926
3578.40629015
3578.78266039
3579.15905000
3579.53545896
3579.91188729
3580.28833498
3580.66480202
3581.04128843
3581.41779420
3581.79431932
3582.17086381
3582.54742765
3582.92401086
3583.30061343
3583.67723535
3584.05387664
3584.43053728
3584.80721729
3585.18391666
3585.56063538
3585.93737347
3586.31413091
3586.69090772
3587.06770389
3587.44451941
3587.82135430
3588.19820855
3588.57508215
3588.95197512
3589.32888744
3589.70581913
3590.08277018
3590.45974058
3590.83673035
3591.21373947
3591.59076796
3591.96781581
3592.34488301
3592.72196958
3593.09907551
3593.47620079
3593.85334544
3594.23050944
3594.60769281
3594.98489554
3595.36211762
3595.73935907
3596.11661987
3596.49390004
3596.87119957
3597.24851845
3597.62585670
3598.00321430
3598.38059127
3598.75798760
3599.13540328
3599.51283833
3599.89029274
3600.26776650
3600.64525963
3601.02277211
3601.40030396
3601.77785517
3602.15542573
3602.53301566
3602.91062494
3603.28825359
3603.66590160
3604.04356896
3604.42125569
3604.79896178
3605.17668722
3605.55443203
3605.93219619
3606.30997972
3606.68778261
3607.06560485
3607.44344646
3607.82130742
3608.19918775
3608.57708744
3608.95500648
3609.33294489
3609.71090266
3610.08887978
3610.46687627
3610.84489211
3611.22292732
3611.60098189
3611.97905581
3612.35714910
3612.73526174
3613.11339375
3613.49154512
3613.86971584
3614.24790593
3614.62611538
3615.00434418
3615.38259235
3615.76085987
3616.13914676
3616.51745301
3616.89577861
3617.27412358
3617.65248791
3618.03087159
3618.40927464
3618.78769704
3619.16613881
3619.54459994
3619.92308042
3620.30158027
3620.68009947
3621.05863804
3621.43719597
3621.81577325
3622.19436990
3622.57298591
3622.95162127
3623.33027600
3623.70895008
3624.08764353
3624.46635634
3624.84508850
3625.22384003
3625.60261092
3625.98140116
3626.36021077
3626.73903973
3627.11788806
3627.49675575
3627.87564279
3628.25454920
3628.63347496
3629.01242009
3629.39138458
3629.77036842
3630.14937163
3630.52839420
3630.90743612
3631.28649741
3631.66557805
3632.04467806
3632.42379743
3632.80293615
3633.18209424
3633.56127169
3633.94046849
3634.31968466
3634.69892018
3635.07817507
3635.45744932
3635.83674292
3636.21605589
3636.59538822
3636.97473990
3637.35411095
3637.73350135
3638.11291112
3638.49234025
3638.87178873
3639.25125658
3639.63074378
3640.01025035
3640.38977628
3640.76932156
3641.14888621
3641.52847022
3641.90807358
3642.28769631
3642.66733839
3643.04699984
3643.42668065
3643.80638081
3644.18610034
3644.56583923
3644.94559747
3645.32537508
3645.70517204
3646.08498837
3646.46482406
3646.84467910
3647.22455351
3647.60444728
3647.98436040
3648.36429289
3648.74424473
3649.12421594
3649.50420651
3649.88421643
3650.26424572
3650.64429437
3651.02436237
3651.40444974
3651.78455646
3652.16468255
3652.54482800
3652.92499280
3653.30517697
3653.68538050
3654.06560338
3654.44584563
3654.82610723
3655.20638820
3655.58668853
3655.96700821
3656.34734726
3656.72770567
3657.10808343
3657.48848056
3657.86889704
3658.24933289
3658.62978810
3659.01026266
3659.39075659
3659.77126988
3660.15180252
3660.53235453
3660.91292589
3661.29351662
3661.67412671
3662.05475615
3662.43540496
3662.81607313
3663.19676065
3663.57746754
3663.95819379
3664.33893939
3664.71970436
3665.10048868
3665.48129237
3665.86211542
3666.24295782
3666.62381959
3667.00470072
3667.38560120
3667.76652105
3668.14746025
3668.52841882
3668.90939675
3669.29039403
3669.67141068
3670.05244669
3670.43350205
3670.81457678
3671.19567086
3671.57678431
3671.95791712
3672.33906928
3672.72024081
3673.10143170
3673.48264194
3673.86387155
3674.24512052
3674.62638884
3675.00767653
3675.38898357
3675.77030998
3676.15165575
3676.53302087
3676.91440536
3677.29580921
3677.67723241
3678.05867498
3678.44013690
3678.82161819
3679.20311884
3679.58463884
3679.96617821
3680.34773694
3680.72931502
3681.11091247
3681.49252927
3681.87416544
3682.25582097
3682.63749585
3683.01919010
3683.40090371
3683.78263667
3684.16438900
3684.54616069
3684.92795173
3685.30976214
3685.69159190
3686.07344103
3686.45530952
3686.83719736
3687.21910457
3687.60103114
3687.98297706
3688.36494235
3688.74692700
3689.12893100
3689.51095437
3689.89299709
3690.27505918
3690.65714063
3691.03924143
3691.42136160
3691.80350113
3692.18566001
3692.56783826
3692.95003586
3693.33225283
3693.71448916
3694.09674484
3694.47901989
3694.86131430
3695.24362806
3695.62596119
3696.00831368
3696.39068552
3696.77307673
3697.15548729
3697.53791722
3697.92036651
3698.30283515
3698.68532316
3699.06783053
3699.45035725
3699.83290334
3700.21546879
3700.59805359
3700.98065776
3701.36328128
3701.74592417
3702.12858642
3702.51126802
3702.89396899
3703.27668932
3703.65942900
3704.04218805
3704.42496646
3704.80776422
3705.19058135
3705.57341783
3705.95627368
3706.33914889
3706.72204345
3707.10495738
3707.48789067
3707.87084331
3708.25381532
3708.63680669
3709.01981741
3709.40284750
3709.78589694
3710.16896575
3710.55205392
3710.93516144
3711.31828833
3711.70143458
3712.08460018
3712.46778515
3712.85098948
3713.23421316
3713.61745621
3714.00071861
3714.38400038
3714.76730151
3715.15062199
3715.53396184
3715.91732105
3716.30069961
3716.68409754
3717.06751483
3717.45095147
3717.83440748
3718.21788284
3718.60137757
3718.98489166
3719.36842510
3719.75197791
3720.13555008
3720.51914160
3720.90275249
3721.28638274
3721.67003234
3722.05370131
3722.43738964
3722.82109732
3723.20482437
3723.58857077
3723.97233654
3724.35612167
3724.73992615
3725.12375000
3725.50759321
3725.89145577
3726.27533770
3726.65923899
3727.04315963
3727.42709964
3727.81105901
3728.19503773
3728.57903582
3728.96305326
3729.34709007
3729.73114624
3730.11522176
3730.49931665
3730.88343090
3731.26756450
3731.65171747
3732.03588980
3732.42008148
3732.80429253
3733.18852293
3733.57277270
3733.95704183
3734.34133031
3734.72563816
3735.10996537
3735.49431193
3735.87867786
3736.26306315
3736.64746779
3737.03189180
3737.41633517
3737.80079789
3738.18527998
3738.56978142
3738.95430223
3739.33884240
3739.72340192
3740.10798081
3740.49257906
3740.87719666
3741.26183363
3741.64648996
3742.03116564
3742.41586069
3742.80057510
3743.18530886
3743.57006199
3743.95483448
3744.33962632
3744.72443753
3745.10926809
3745.49411802
3745.87898731
3746.26387595
3746.64878396
3747.03371133
3747.41865805
3747.80362414
3748.18860959
3748.57361439
3748.95863856
3749.34368209
3749.72874497
3750.11382722
3750.49892882
3750.88404979
3751.26919012
3751.65434980
3752.03952885
3752.42472726
3752.80994502
3753.19518215
3753.58043864
3753.96571448
3754.35100969
3754.73632426
3755.12165818
3755.50701147
3755.89238412
3756.27777612
3756.66318749
3757.04861821
3757.43406830
3757.81953775
3758.20502655
3758.59053472
3758.97606225
3759.36160913
3759.74717538
3760.13276099
3760.51836595
3760.90399028
3761.28963397
3761.67529701
3762.06097942
3762.44668119
3762.83240231
3763.21814280
3763.60390265
3763.98968185
3764.37548042
3764.76129834
3765.14713563
3765.53299228
3765.91886828
3766.30476365
3766.69067838
3767.07661246
3767.46256591
3767.84853872
3768.23453088
3768.62054241
3769.00657330
3769.39262354
3769.77869315
3770.16478212
3770.55089044
3770.93701813
3771.32316517
3771.70933158
3772.09551735
3772.48172247
3772.86794696
3773.25419081
3773.64045401
3774.02673658
3774.41303851
3774.79935979
3775.18570044
3775.57206045
3775.95843981
3776.34483854
3776.73125663
3777.11769407
3777.50415088
3777.89062705
3778.27712257
3778.66363746
3779.05017171
3779.43672531
3779.82329828
3780.20989060
3780.59650229
3780.98313334
3781.36978374
3781.75645351
3782.14314264
3782.52985112
3782.91657897
3783.30332618
3783.69009274
3784.07687867
3784.46368396
3784.85050860
3785.23735261
3785.62421598
3786.01109870
3786.39800079
3786.78492224
3787.17186304
3787.55882321
3787.94580274
3788.33280162
3788.71981987
3789.10685748
3789.49391444
3789.88099077
3790.26808645
3790.65520150
3791.04233591
3791.42948967
3791.81666280
3792.20385529
3792.59106713
3792.97829834
3793.36554891
3793.75281883
3794.14010812
3794.52741677
3794.91474477
3795.30209214
3795.68945887
3796.07684495
3796.46425040
3796.85167521
3797.23911937
3797.62658290
3798.01406579
3798.40156803
3798.78908964
3799.17663061
3799.56419093
3799.95177062
3800.33936967
3800.72698807
3801.11462584
3801.50228296
3801.88995945
3802.27765530
3802.66537050
3803.05310507
3803.44085900
3803.82863228
3804.21642493
3804.60423694
3804.99206830
3805.37991903
3805.76778912
3806.15567856
3806.54358737
3806.93151554
3807.31946306
3807.70742995
3808.09541620
3808.48342180
3808.87144677
3809.25949110
3809.64755478
3810.03563783
3810.42374024
3810.81186200
3811.20000313
3811.58816362
3811.97634346
3812.36454267
3812.75276124
3813.14099916
3813.52925645
3813.91753310
3814.30582910
3814.69414447
3815.08247920
3815.47083328
3815.85920673
3816.24759953
3816.63601170
3817.02444323
3817.41289411
3817.80136436
3818.18985397
3818.57836293
3818.96689126
3819.35543895
3819.74400599
3820.13259240
3820.52119817
3820.90982329
3821.29846778
3821.68713163
3822.07581483
3822.46451740
3822.85323933
3823.24198061
3823.63074126
3824.01952127
3824.40832063
3824.79713936
3825.18597745
3825.57483489
3825.96371170
3826.35260787
3826.74152339
3827.13045828
3827.51941253
3827.90838613
3828.29737910
3828.68639143
3829.07542311
3829.46447416
3829.85354457
3830.24263433
3830.63174346
3831.02087195
3831.41001979
3831.79918700
3832.18837357
3832.57757949
3832.96680478
3833.35604943
3833.74531343
3834.13459680
3834.52389953
3834.91322161
3835.30256306
3835.69192387
3836.08130403
3836.47070356
3836.86012245
3837.24956069
3837.63901830
3838.02849527
3838.41799159
3838.80750728
3839.19704233
3839.58659673
3839.97617050
3840.36576363
3840.75537611
3841.14500796
3841.53465917
3841.92432973
3842.31401966
3842.70372895
3843.09345759
3843.48320560
3843.87297297
3844.26275969
3844.65256578
3845.04239123
3845.43223603
3845.82210020
3846.21198373
3846.60188661
3846.99180886
3847.38175047
3847.77171143
3848.16169176
3848.55169145
3848.94171049
3849.33174890
3849.72180667
3850.11188379
3850.50198028
3850.89209613
3851.28223133
3851.67238590
3852.06255983
3852.45275311
3852.84296576
3853.23319777
3853.62344913
3854.01371986
3854.40400995
3854.79431939
3855.18464820
3855.57499637
3855.96536389
3856.35575078
3856.74615703
3857.13658263
3857.52702760
3857.91749193
3858.30797561
3858.69847866
3859.08900107
3859.47954283
3859.87010396
3860.26068445
3860.65128429
3861.04190350
3861.43254207
3861.82319999
3862.21387728
3862.60457393
3862.99528993
3863.38602530
3863.77678003
3864.16755411
3864.55834756
3864.94916037
3865.33999253
3865.73084406
3866.12171495
3866.51260519
3866.90351480
3867.29444377
3867.68539209
3868.07635978
3868.46734683
3868.85835323
3869.24937900
3869.64042413
3870.03148861
3870.42257246
3870.81367567
3871.20479823
3871.59594016
3871.98710145
3872.37828209
3872.76948210
3873.16070147
3873.55194019
3873.94319828
3874.33447573
3874.72577253
3875.11708870
3875.50842423
3875.89977911
3876.29115336
3876.68254697
3877.07395993
3877.46539226
3877.85684395
3878.24831499
3878.63980540
3879.03131517
3879.42284429
3879.81439278
3880.20596063
3880.59754783
3880.98915440
3881.38078033
3881.77242561
3882.16409026
3882.55577427
3882.94747764
3883.33920036
3883.73094245
3884.12270390
3884.51448470
3884.90628487
3885.29810440
3885.68994328
3886.08180153
3886.47367914
3886.86557610
3887.25749243
3887.64942812
3888.04138316
3888.43335757
3888.82535134
3889.21736446
3889.60939695
3890.00144880
3890.39352000
3890.78561057
3891.17772050
3891.56984978
3891.96199843
3892.35416644
3892.74635380
3893.13856053
3893.53078662
3893.92303206
3894.31529687
3894.70758104
3895.09988456
3895.49220745
3895.88454970
3896.27691130
3896.66929227
3897.06169260
3897.45411228
3897.84655133
3898.23900974
3898.63148751
3899.02398463
3899.41650112
3899.80903697
3900.20159217
3900.59416674
3900.98676067
3901.37937395
3901.77200660
3902.16465861
3902.55732997
3902.95002070
3903.34273079
3903.73546023
3904.12820904
3904.52097721
3904.91376473
3905.30657162
3905.69939787
3906.09224347
3906.48510844
3906.87799277
3907.27089645
3907.66381950
3908.05676191
3908.44972367
3908.84270480
3909.23570529
3909.62872513
3910.02176434
3910.41482291
3910.80790084
3911.20099812
3911.59411477
3911.98725078
3912.38040614
3912.77358087
3913.16677496
3913.55998840
3913.95322121
3914.34647338
3914.73974490
3915.13303579
3915.52634604
3915.91967564
3916.31302461
3916.70639294
3917.09978062
3917.49318767
3917.88661408
3918.28005984
3918.67352497
3919.06700946
3919.46051330
3919.85403651
3920.24757908
3920.64114101
3921.03472229
3921.42832294
3921.82194295
3922.21558231
3922.60924104
3923.00291913
3923.39661657
3923.79033338
3924.18406955
3924.57782507
3924.97159996
3925.36539421
3925.75920781
3926.15304078
3926.54689311
3926.94076479
3927.33465584
3927.72856625
3928.12249602
3928.51644514
3928.91041363
3929.30440148
3929.69840868
3930.09243525
3930.48648118
3930.88054646
3931.27463111
3931.66873512
3932.06285848
3932.45700121
3932.85116330
3933.24534474
3933.63954555
3934.03376572
3934.42800524
3934.82226413
3935.21654238
3935.61083998
3936.00515695
3936.39949328
3936.79384897
3937.18822401
3937.58261842
3937.97703219
3938.37146531
3938.76591780
3939.16038965
3939.55488085
3939.94939142
3940.34392135
3940.73847063
3941.13303928
3941.52762729
3941.92223465
3942.31686138
3942.71150747
3943.10617292
3943.50085772
3943.89556189
3944.29028542
3944.68502830
3945.07979055
3945.47457216
3945.86937312
3946.26419345
3946.65903314
3947.05389218
3947.44877059
3947.84366836
3948.23858548
3948.63352197
3949.02847782
3949.42345302
3949.81844759
3950.21346152
3950.60849481
3951.00354745
3951.39861946
3951.79371083
3952.18882155
3952.58395164
3952.97910109
3953.37426989
3953.76945806
3954.16466559
3954.55989247
3954.95513872
3955.35040433
3955.74568930
3956.14099362
3956.53631731
3956.93166036
3957.32702276
3957.72240453
3958.11780566
3958.51322614
3958.90866599
3959.30412520
3959.69960376
3960.09510169
3960.49061898
3960.88615562
3961.28171163
3961.67728700
3962.07288173
3962.46849581
3962.86412926
3963.25978207
3963.65545423
3964.05114576
3964.44685665
3964.84258689
3965.23833650
3965.63410547
3966.02989379
3966.42570148
3966.82152853
3967.21737494
3967.61324070
3968.00912583
3968.40503032
3968.80095416
3969.19689737
3969.59285994
3969.98884186
3970.38484315
3970.78086380
3971.17690380
3971.57296317
3971.96904190
3972.36513998
3972.76125743
3973.15739424
3973.55355041
3973.94972593
3974.34592082
3974.74213507
3975.13836867
3975.53462164
3975.93089397
3976.32718565
3976.72349670
3977.11982711
3977.51617687
3977.91254600
3978.30893449
3978.70534234
3979.10176954
3979.49821611
3979.89468204
3980.29116732
3980.68767197
3981.08419598
3981.48073934
3981.87730207
3982.27388416
3982.67048561
3983.06710641
3983.46374658
3983.86040611
3984.25708499
3984.65378324
3985.05050085
3985.44723781
3985.84399414
3986.24076983
3986.63756487
3987.03437928
3987.43121305
3987.82806618
3988.22493866
3988.62183051
3989.01874172
3989.41567228
3989.81262221
3990.20959150
3990.60658014
3991.00358815
3991.40061552
3991.79766224
3992.19472833
3992.59181378
3992.98891859
3993.38604275
3993.78318628
3994.18034917
3994.57753141
3994.97473302
3995.37195399
3995.76919431
3996.16645400
3996.56373305
3996.96103146
3997.35834922
3997.75568635
3998.15304284
3998.55041868
3998.94781389
3999.34522846
3999.74266238
4000.14011567
4000.53758832
4000.93508033
4001.33259169
4001.73012242
4002.12767251
4002.52524195
4002.92283076
4003.32043893
4003.71806645
4004.11571334
4004.51337959
4004.91106519
4005.30877016
4005.70649449
4006.10423818
4006.50200122
4006.89978363
4007.29758540
4007.69540652
4008.09324701
4008.49110686
4008.88898606
4009.28688463
4009.68480256
4010.08273985
4010.48069649
4010.87867250
4011.27666787
4011.67468259
4012.07271668
4012.47077013
4012.86884293
4013.26693510
4013.66504663
4014.06317752
4014.46132776
4014.85949737
4015.25768634
4015.65589466
4016.05412235
4016.45236940
4016.85063580
4017.24892157
4017.64722670
4018.04555119
4018.44389503
4018.84225824
4019.24064081
4019.63904273
4020.03746402
4020.43590467
4020.83436468
4021.23284404
4021.63134277
4022.02986086
4022.42839830
4022.82695511
4023.22553128
4023.62412680
4024.02274169
4024.42137594
4024.82002955
4025.21870251
4025.61739484
4026.01610653
4026.41483757
4026.81358798
4027.21235775
4027.61114687
4028.00995536
4028.40878321
4028.80763042
4029.20649698
4029.60538291
4030.00428820
4030.40321284
4030.80215685
4031.20112022
4031.60010294
4031.99910503
4032.39812648
4032.79716729
4033.19622745
4033.59530698
4033.99440587
4034.39352411
4034.79266172
4035.19181869
4035.59099502
4035.99019070
4036.38940575
4036.78864016
4037.18789392
4037.58716705
4037.98645954
4038.38577138
4038.78510259
4039.18445316
4039.58382309
4039.98321237
4040.38262102
4040.78204903
4041.18149639
4041.58096312
4041.98044921
4042.37995466
4042.77947946
4043.17902363
4043.57858716
4043.97817004
4044.37777229
4044.77739390
4045.17703486
4045.57669519
4045.97637488
4046.37607393
4046.77579233
4047.17553010
4047.57528723
4047.97506371
4048.37485956
4048.77467477
4049.17450934
4049.57436326
4049.97423655
4050.37412920
4050.77404120
4051.17397257
4051.57392330
4051.97389338
4052.37388283
4052.77389164
4053.17391981
4053.57396733
4053.97403422
4054.37412047
4054.77422607
4055.17435104
4055.57449537
4055.97465906
4056.37484210
4056.77504451
4057.17526628
4057.57550740
4057.97576789
4058.37604774
4058.77634695
4059.17666551
4059.57700344
4059.97736073
4060.37773737
4060.77813338
4061.17854875
4061.57898348
4061.97943756
4062.37991101
4062.78040382
4063.18091598
4063.58144751
4063.98199840
4064.38256864
4064.78315825
4065.18376722
4065.58439555
