2410.34133235
2410.73202095
2411.12270887
2411.51339613
2411.90408273
2412.29476865
2412.68545392
2413.07613851
2413.46682244
2413.85750571
2414.24818830
2414.63887024
2415.02955150
2415.42023210
2415.81091204
2416.20159130
2416.59226991
2416.98294784
2417.37362511
2417.76430171
2418.15497765
2418.54565292
2418.93632753
2419.32700147
2419.71767474
2420.10834735
2420.49901929
2420.88969057
2421.28036118
2421.67103112
2422.06170040
2422.45236901
2422.84303696
2423.23370424
2423.62437085
2424.01503680
2424.40570208
2424.79636670
2425.18703065
2425.57769393
2425.96835655
2426.35901850
2426.74967979
2427.14034041
2427.53100036
2427.92165965
2428.31231827
2428.70297623
2429.09363352
2429.48429014
2429.87494610
2430.26560139
2430.65625602
2431.04690998
2431.43756327
2431.82821590
2432.21886786
2432.60951916
2433.00016979
2433.39081975
2433.78146905
2434.17211768
2434.56276565
2434.95341295
2435.34405958
2435.73470555
2436.12535085
2436.51599549
2436.90663946
2437.29728276
2437.68792540
2438.07856737
2438.46920868
2438.85984932
2439.25048929
2439.64112860
2440.03176724
2440.42240522
2440.81304253
2441.20367917
2441.59431515
2441.98495046
2442.37558510
2442.76621908
2443.15685240
2443.54748505
2443.93811703
2444.32874834
2444.71937899
2445.11000898
2445.50063830
2445.89126695
2446.28189493
2446.67252225
2447.06314891
2447.45377490
2447.84440022
2448.23502487
2448.62564886
2449.01627219
2449.40689485
2449.79751684
2450.18813816
2450.57875882
2450.96937882
2451.35999814
2451.75061681
2452.14123480
2452.53185213
2452.92246880
2453.31308479
2453.70370013
2454.09431479
2454.48492879
2454.87554213
2455.26615479
2455.65676680
2456.04737813
2456.43798880
2456.82859881
2457.21920814
2457.60981682
2458.00042482
2458.39103216
2458.78163883
2459.17224484
2459.56285018
2459.95345486
2460.34405887
2460.73466221
2461.12526489
2461.51586690
2461.90646825
2462.29706893
2462.68766894
2463.07826829
2463.46886697
2463.85946499
2464.25006234
2464.64065902
2465.03125504
2465.42185039
2465.81244508
2466.20303910
2466.59363245
2466.98422514
2467.37481716
2467.76540852
2468.15599921
2468.54658923
2468.93717859
2469.32776728
2469.71835531
2470.10894267
2470.49952936
2470.89011539
2471.28070075
2471.67128545
2472.06186948
2472.45245284
2472.84303554
2473.23361757
2473.62419894
2474.01477964
2474.40535967
2474.79593904
2475.18651774
2475.57709578
2475.96767315
2476.35824985
2476.74882589
2477.13940126
2477.52997597
2477.92055001
2478.31112338
2478.70169609
2479.09226813
2479.48283951
2479.87341022
2480.26398026
2480.65454964
2481.04511835
2481.43568640
2481.82625378
2482.21682049
2482.60738654
2482.99795192
2483.38851663
2483.77908068
2484.16964407
2484.56020679
2484.95076884
2485.34133022
2485.73189094
2486.12245100
2486.51301039
2486.90356911
2487.29412716
2487.68468455
2488.07524128
2488.46579734
2488.85635273
2489.24690745
2489.63746151
2490.02801491
2490.41856764
2490.80911970
2491.19967109
2491.59022182
2491.98077189
2492.37132128
2492.76187002
2493.15241808
2493.54296548
2493.93351222
2494.32405828
2494.71460369
2495.10514842
2495.49569249
2495.88623590
2496.27677863
2496.66732071
2497.05786211
2497.44840285
2497.83894293
2498.22948233
2498.62002108
2499.01055915
2499.40109656
2499.79163330
2500.18216938
2500.57270479
2500.96323954
2501.35377362
2501.74430703
2502.13483978
2502.52537186
2502.91590328
2503.30643403
2503.69696411
2504.08749353
2504.47802228
2504.86855037
2505.25907779
2505.64960454
2506.04013063
2506.43065605
2506.82118081
2507.21170490
2507.60222832
2507.99275108
2508.38327317
2508.77379460
2509.16431536
2509.55483545
2509.94535488
2510.33587364
2510.72639174
2511.11690917
2511.50742593
2511.89794203
2512.28845746
2512.67897223
2513.06948633
2513.45999976
2513.85051253
2514.24102463
2514.63153607
2515.02204684
2515.41255694
2515.80306638
2516.19357515
2516.58408326
2516.97459070
2517.36509747
2517.75560358
2518.14610902
2518.53661380
2518.92711791
2519.31762135
2519.70812413
2520.09862624
2520.48912769
2520.87962847
2521.27012858
2521.66062803
2522.05112681
2522.44162493
2522.83212238
2523.22261916
2523.61311528
2524.00361073
2524.39410551
2524.78459963
2525.17509309
2525.56558588
2525.95607800
2526.34656945
2526.73706024
2527.12755037
2527.51803983
2527.90852862
2528.29901674
2528.68950420
2529.07999100
2529.47047713
2529.86096259
2530.25144738
2530.64193151
2531.03241498
2531.42289777
2531.81337991
2532.20386137
2532.59434217
2532.98482231
2533.37530177
2533.76578058
2534.15625871
2534.54673618
2534.93721299
2535.32768912
2535.71816460
2536.10863940
2536.49911354
2536.88958702
2537.28005982
2537.67053197
2538.06100344
2538.45147425
2538.84194440
2539.23241387
2539.62288268
2540.01335083
2540.40381831
2540.79428512
2541.18475127
2541.57521675
2541.96568157
2542.35614572
2542.74660920
2543.13707202
2543.52753417
2543.91799566
2544.30845648
2544.69891663
2545.08937612
2545.47983494
2545.87029310
2546.26075059
2546.65120741
2547.04166357
2547.43211906
2547.82257389
2548.21302805
2548.60348154
2548.99393437
2549.38438653
2549.77483803
2550.16528886
2550.55573902
2550.94618852
2551.33663735
2551.72708552
2552.11753302
2552.50797985
2552.89842602
2553.28887152
2553.67931636
2554.06976053
2554.46020403
2554.85064687
2555.24108904
2555.63153055
2556.02197139
2556.41241156
2556.80285107
2557.19328991
2557.58372809
2557.97416560
2558.36460244
2558.75503862
2559.14547413
2559.53590898
2559.92634316
2560.31677667
2560.70720952
2561.09764170
2561.48807322
2561.87850407
2562.26893425
2562.65936377
2563.04979262
2563.44022080
2563.83064832
2564.22107518
2564.61150137
2565.00192689
2565.39235174
2565.78277593
2566.17319946
2566.56362232
2566.95404451
2567.34446603
2567.73488689
2568.12530709
2568.51572662
2568.90614548
2569.29656367
2569.68698120
2570.07739807
2570.46781427
2570.85822980
2571.24864466
2571.63905886
2572.02947240
2572.41988526
2572.81029747
2573.20070900
2573.59111987
2573.98153008
2574.37193961
2574.76234849
2575.15275669
2575.54316423
2575.93357111
2576.32397731
2576.71438286
2577.10478773
2577.49519194
2577.88559549
2578.27599836
2578.66640058
2579.05680212
2579.44720300
2579.83760321
2580.22800276
2580.61840164
2581.00879986
2581.39919741
2581.78959429
2582.17999051
2582.57038606
2582.96078095
2583.35117517
2583.74156872
2584.13196161
2584.52235383
2584.91274539
2585.30313628
2585.69352650
2586.08391606
2586.47430495
2586.86469318
2587.25508074
2587.64546763
2588.03585386
2588.42623942
2588.81662432
2589.20700855
2589.59739211
2589.98777501
2590.37815724
2590.76853881
2591.15891971
2591.54929994
2591.93967951
2592.33005841
2592.72043665
2593.11081422
2593.50119112
2593.89156736
2594.28194293
2594.67231784
2595.06269208
2595.45306565
2595.84343856
2596.23381080
2596.62418238
2597.01455329
2597.40492353
2597.79529311
2598.18566202
2598.57603027
2598.96639785
2599.35676476
2599.74713101
2600.13749659
2600.52786151
2600.91822576
2601.30858934
2601.69895226
2602.08931451
2602.47967610
2602.87003702
2603.26039727
2603.65075686
2604.04111578
2604.43147403
2604.82183162
2605.21218855
2605.60254481
2605.99290040
2606.38325532
2606.77360958
2607.16396318
2607.55431611
2607.94466837
2608.33501996
2608.72537089
2609.11572116
2609.50607076
2609.89641969
2610.28676795
2610.67711555
2611.06746249
2611.45780875
2611.84815436
2612.23849929
2612.62884356
2613.01918717
2613.40953010
2613.79987238
2614.19021398
2614.58055492
2614.97089520
2615.36123480
2615.75157375
2616.14191202
2616.53224963
2616.92258658
2617.31292285
2617.70325847
2618.09359341
2618.48392769
2618.87426131
2619.26459425
2619.65492653
2620.04525815
2620.43558910
2620.82591938
2621.21624900
2621.60657795
2621.99690624
2622.38723386
2622.77756081
2623.16788710
2623.55821272
2623.94853768
2624.33886197
2624.72918559
2625.11950855
2625.50983084
2625.90015247
2626.29047343
2626.68079372
2627.07111335
2627.46143231
2627.85175061
2628.24206824
2628.63238520
2629.02270150
2629.41301713
2629.80333210
2630.19364640
2630.58396003
2630.97427300
2631.36458530
2631.75489694
2632.14520791
2632.53551821
2632.92582785
2633.31613682
2633.70644513
2634.09675277
2634.48705974
2634.87736605
2635.26767169
2635.65797667
2636.04828098
2636.43858462
2636.82888760
2637.21918991
2637.60949156
2637.99979254
2638.39009285
2638.78039250
2639.17069148
2639.56098980
2639.95128745
2640.34158443
2640.73188075
2641.12217640
2641.51247139
2641.90276571
2642.29305936
2642.68335235
2643.07364467
2643.46393632
2643.85422731
2644.24451764
2644.63480730
2645.02509629
2645.41538461
2645.80567227
2646.19595927
2646.58624560
2646.97653126
2647.36681625
2647.75710058
2648.14738425
2648.53766725
2648.92794958
2649.31823124
2649.70851224
2650.09879258
2650.48907225
2650.87935125
2651.26962958
2651.65990725
2652.05018426
2652.44046059
2652.83073627
2653.22101127
2653.61128561
2654.00155929
2654.39183229
2654.78210464
2655.17237631
2655.56264732
2655.95291767
2656.34318734
2656.73345636
2657.12372470
2657.51399238
2657.90425940
2658.29452574
2658.68479143
2659.07505644
2659.46532079
2659.85558447
2660.24584749
2660.63610984
2661.02637153
2661.41663255
2661.80689290
2662.19715259
2662.58741161
2662.97766997
2663.36792766
2663.75818468
2664.14844104
2664.53869673
2664.92895176
2665.31920612
2665.70945981
2666.09971284
2666.48996520
2666.88021690
2667.27046793
2667.66071829
2668.05096799
2668.44121702
2668.83146539
2669.22171309
2669.61196012
2670.00220649
2670.39245219
2670.78269723
2671.17294160
2671.56318530
2671.95342834
2672.34367071
2672.73391242
2673.12415346
2673.51439383
2673.90463354
2674.29487258
2674.68511096
2675.07534867
2675.46558571
2675.85582209
2676.24605780
2676.63629285
2677.02652723
2677.41676094
2677.80699399
2678.19722637
2678.58745809
2678.97768914
2679.36791952
2679.75814924
2680.14837829
2680.53860668
2680.92883440
2681.31906145
2681.70928784
2682.09951356
2682.48973862
2682.87996300
2683.27018673
2683.66040979
2684.05063218
2684.44085390
2684.83107496
2685.22129536
2685.61151509
2686.00173415
2686.39195254
2686.78217027
2687.17238734
2687.56260374
2687.95281947
2688.34303453
2688.73324893
2689.12346267
2689.51367574
2689.90388814
2690.29409987
2690.68431094
2691.07452135
2691.46473108
2691.85494016
2692.24514856
2692.63535630
2693.02556338
2693.41576978
2693.80597553
2694.19618060
2694.58638501
2694.97658876
2695.36679183
2695.75699425
2696.14719599
2696.53739707
2696.92759749
2697.31779723
2697.70799632
2698.09819473
2698.48839248
2698.87858956
2699.26878598
2699.65898173
2700.04917682
2700.43937124
2700.82956499
2701.21975808
2701.60995050
2702.00014226
2702.39033335
2702.78052377
2703.17071353
2703.56090262
2703.95109105
2704.34127881
2704.73146590
2705.12165233
2705.51183809
2705.90202319
2706.29220762
2706.68239138
2707.07257448
2707.46275691
2707.85293868
2708.24311978
2708.63330021
2709.02347998
2709.41365908
2709.80383752
2710.19401529
2710.58419239
2710.97436883
2711.36454460
2711.75471971
2712.14489415
2712.53506792
2712.92524103
2713.31541347
2713.70558525
2714.09575636
2714.48592680
2714.87609658
2715.26626569
2715.65643414
2716.04660192
2716.43676903
2716.82693548
2717.21710126
2717.60726638
2717.99743083
2718.38759461
2718.77775773
2719.16792018
2719.55808197
2719.94824309
2720.33840354
2720.72856333
2721.11872245
2721.50888091
2721.89903870
2722.28919582
2722.67935228
2723.06950807
2723.45966319
2723.84981765
2724.23997145
2724.63012458
2725.02027704
2725.41042883
2725.80057996
2726.19073043
2726.58088023
2726.97102936
2727.36117782
2727.75132562
2728.14147276
2728.53161923
2728.92176503
2729.31191016
2729.70205463
2730.09219844
2730.48234157
2730.87248405
2731.26262585
2731.65276699
2732.04290747
2732.43304727
2732.82318642
2733.21332489
2733.60346270
2733.99359985
2734.38373632
2734.77387214
2735.16400728
2735.55414176
2735.94427558
2736.33440872
2736.72454121
2737.11467302
2737.50480417
2737.89493466
2738.28506447
2738.67519362
2739.06532211
2739.45544993
2739.84557708
2740.23570357
2740.62582939
2741.01595455
2741.40607904
2741.79620286
2742.18632602
2742.57644851
2742.96657034
2743.35669150
2743.74681199
2744.13693182
2744.52705098
2744.91716948
2745.30728731
2745.69740447
2746.08752097
2746.47763680
2746.86775197
2747.25786647
2747.64798030
2748.03809347
2748.42820597
2748.81831781
2749.20842898
2749.59853948
2749.98864932
2750.37875849
2750.76886700
2751.15897484
2751.54908201
2751.93918852
2752.32929436
2752.71939954
2753.10950405
2753.49960789
2753.88971107
2754.27981358
2754.66991543
2755.06001661
2755.45011712
2755.84021697
2756.23031615
2756.62041467
2757.01051252
2757.40060970
2757.79070622
2758.18080207
2758.57089726
2758.96099178
2759.35108563
2759.74117882
2760.13127134
2760.52136320
2760.91145439
2761.30154491
2761.69163477
2762.08172396
2762.47181248
2762.86190034
2763.25198754
2763.64207407
2764.03215993
2764.42224512
2764.81232965
2765.20241352
2765.59249672
2765.98257925
2766.37266111
2766.76274231
2767.15282285
2767.54290272
2767.93298192
2768.32306045
2768.71313832
2769.10321553
2769.49329206
2769.88336794
2770.27344314
2770.66351768
2771.05359156
2771.44366476
2771.83373731
2772.22380918
2772.61388039
2773.00395094
2773.39402081
2773.78409003
2774.17415857
2774.56422645
2774.95429367
2775.34436021
2775.73442610
2776.12449131
2776.51455586
2776.90461975
2777.29468296
2777.68474551
2778.07480740
2778.46486862
2778.85492917
2779.24498906
2779.63504828
2780.02510684
2780.41516473
2780.80522195
2781.19527851
2781.58533440
2781.97538963
2782.36544419
2782.75549808
2783.14555131
2783.53560387
2783.92565577
2784.31570700
2784.70575756
2785.09580746
2785.48585669
2785.87590526
2786.26595316
2786.65600039
2787.04604696
2787.43609286
2787.82613810
2788.21618267
2788.60622657
2788.99626981
2789.38631238
2789.77635429
2790.16639553
2790.55643610
2790.94647601
2791.33651525
2791.72655383
2792.11659174
2792.50662898
2792.89666556
2793.28670147
2793.67673672
2794.06677130
2794.45680521
2794.84683846
2795.23687104
2795.62690296
2796.01693421
2796.40696479
2796.79699471
2797.18702396
2797.57705255
2797.96708047
2798.35710772
2798.74713431
2799.13716023
2799.52718549
2799.91721008
2800.30723400
2800.69725726
2801.08727985
2801.47730177
2801.86732303
2802.25734363
2802.64736356
2803.03738282
2803.42740141
2803.81741934
2804.20743661
2804.59745321
2804.98746914
2805.37748440
2805.76749900
2806.15751294
2806.54752621
2806.93753881
2807.32755074
2807.71756201
2808.10757262
2808.49758255
2808.88759183
2809.27760043
2809.66760837
2810.05761565
2810.44762225
2810.83762820
2811.22763347
2811.61763808
2812.00764203
2812.39764530
2812.78764792
2813.17764986
2813.56765114
2813.95765176
2814.34765170
2814.73765099
2815.12764960
2815.51764755
2815.90764483
2816.29764145
2816.68763740
2817.07763269
2817.46762731
2817.85762126
2818.24761455
2818.63760717
2819.02759913
2819.41759042
2819.80758104
2820.19757100
2820.58756029
2820.97754892
2821.36753688
2821.75752417
2822.14751080
2822.53749676
2822.92748206
2823.31746669
2823.70745065
2824.09743395
2824.48741658
2824.87739855
2825.26737985
2825.65736048
2826.04734045
2826.43731975
2826.82729839
2827.21727636
2827.60725366
2827.99723030
2828.38720627
2828.77718158
2829.16715622
2829.55713019
2829.94710350
2830.33707614
2830.72704812
2831.11701943
2831.50699007
2831.89696005
2832.28692936
2832.67689801
2833.06686599
2833.45683330
2833.84679995
2834.23676593
2834.62673125
2835.01669590
2835.40665988
2835.79662320
2836.18658585
2836.57654784
2836.96650916
2837.35646981
2837.74642980
2838.13638912
2838.52634778
2838.91630577
2839.30626309
2839.69621975
2840.08617574
2840.47613106
2840.86608572
2841.25603972
2841.64599305
2842.03594571
2842.42589770
2842.81584903
2843.20579970
2843.59574970
2843.98569903
2844.37564769
2844.76559569
2845.15554303
2845.54548970
2845.93543570
2846.32538103
2846.71532570
2847.10526971
2847.49521304
2847.88515572
2848.27509772
2848.66503906
2849.05497974
2849.44491974
2849.83485909
2850.22479776
2850.61473577
2851.00467312
2851.39460979
2851.78454581
2852.17448115
2852.56441583
2852.95434985
2853.34428319
2853.73421588
2854.12414789
2854.51407924
2854.90400992
2855.29393994
2855.68386929
2856.07379798
2856.46372600
2856.85365335
2857.24358004
2857.63350606
2858.02343142
2858.41335611
2858.80328013
2859.19320349
2859.58312618
2859.97304821
2860.36296957
2860.75289026
2861.14281029
2861.53272965
2861.92264835
2862.31256638
2862.70248374
2863.09240044
2863.48231647
2863.87223184
2864.26214654
2864.65206057
2865.04197394
2865.43188664
2865.82179868
2866.21171005
2866.60162075
2866.99153079
2867.38144016
2867.77134887
2868.16125691
2868.55116428
2868.94107099
2869.33097703
2869.72088241
2870.11078712
2870.50069116
2870.89059454
2871.28049725
2871.67039930
2872.06030068
2872.45020139
2872.84010144
2873.23000082
2873.61989954
2874.00979759
2874.39969497
2874.78959169
2875.17948774
2875.56938313
2875.95927785
2876.34917190
2876.73906529
2877.12895801
2877.51885007
2877.90874145
2878.29863218
2878.68852224
2879.07841163
2879.46830035
2879.85818841
2880.24807581
2880.63796254
2881.02784860
2881.41773399
2881.80761872
2882.19750279
2882.58738619
2882.97726892
2883.36715098
2883.75703238
2884.14691312
2884.53679319
2884.92667259
2885.31655132
2885.70642939
2886.09630680
2886.48618353
2886.87605961
2887.26593501
2887.65580975
