# Here's a "typical worst-case" earthshine spectrum.  The given rate is
# the average rate during a 500-sec exposure.  The solid angle is a square
# arcsecond.  The flux density has been averaged over 100-Angstrom bins 
# which begin at tabulated wavelengths.  The units are: Wavelength (A) 
# and time-averaged fluxes (photons/(sq-cm sec A/sq arcsec). -- Larry Petro
#
# wave	bright-earth
#-------------------
  1000 2.430E-12
  1100 4.850E-11
  1200 4.850E-12
  1300 9.700E-14
  1400 6.050E-14
  1500 6.280E-14
  1600 4.110E-14
  1700 1.350E-13
  1800 1.690E-11
  1900 8.400E-11
  2000 2.040E-10
  2100 3.390E-10
  2200 1.660E-10
  2300 7.690E-11
  2400 6.040E-11
  2500 6.010E-11
  2600 1.470E-10
  2700 1.8400E-9
  2800 5.730E-10
  2900 1.2600E-8
  3000 2.8200E-8
  3100 6.4700E-8
  3200 1.1600E-7
  3300 1.4200E-7
  3400 2.1900E-7
  3500 2.8900E-7
  3600 3.8600E-7
  3700 4.5300E-7
  3800 4.7000E-7
  3900 5.9700E-7
  4000 9.5700E-7
  4100 1.0500E-6
  4200 1.0100E-6
  4300 1.0600E-6
  4400 1.3200E-6
  4500 1.5100E-6
  4600 1.5800E-6
  4700 1.6300E-6
  4800 1.6300E-6
  4900 1.7100E-6
  5000 1.7400E-6
  5100 1.7100E-6
  5200 1.8100E-6
  5300 1.9000E-6
  5400 1.9400E-6
  5500 1.9900E-6
  5600 2.0400E-6
  5700 2.1100E-6
  5800 2.1400E-6
  5900 2.1800E-6
  6000 2.2000E-6
  6100 2.1500E-6
  6200 2.1900E-6
  6300 2.2000E-6
  6400 2.1900E-6
  6500 2.1200E-6
  6600 2.2300E-6
  6700 2.2300E-6
  6800 2.2300E-6
  6900 2.2300E-6
  7000 2.2100E-6
  7100 2.2000E-6
  7200 2.2000E-6
  7300 2.2000E-6
  7400 2.1900E-6
  7500 2.2100E-6
  7600 2.2000E-6
  7700 2.1900E-6
  7800 2.1900E-6
  7900 2.1700E-6
  8000 2.1800E-6
  8100 2.1800E-6
  8200 2.1600E-6
  8300 2.1500E-6
  8400 2.1400E-6
  8500 2.1100E-6
  8600 2.1000E-6
  8700 2.1200E-6
  8800 2.1000E-6
  8900 2.1100E-6
  9000 2.0600E-6
  9100 2.0900E-6
  9200 2.0500E-6
  9300 2.0700E-6
  9400 2.0500E-6
  9500 2.0300E-6
  9600 2.0300E-6
  9700 2.0300E-6
  9800 2.0200E-6
  9900 2.0200E-6
 10000 1.9800E-6
